99741
2815
-48703
-59587
-58358
39359
73610
9110
-7741
57938
79562
84565
-83327
-54411
29899
95468
12193
81773
78142
36857
3697
-53809
-15187
50286
-44653
80424
-96099
-13929
71126
-78962
74062
89266
9083
-29734
-64120
41161
36516
11959
71896
-50800
-49999
96909
-90424
-70472
81759
68416
66452
99111
-4303
20488
97784
26822
-5015
9131
-16670
19778
-32209
50013
-73871
94913
14083
-79937
63724
-79480
-81539
50437
-59489
68553
-55145
-80075
17964
30010
-26830
-94317
-26384
-73370
-90422
22500
-6250
29728
-57188
39112
61799
-20823
2334
-63351
-13085
77761
48836
65106
57074
-76360
30823
78363
-44679
-18508
-65891
10861
-80604
18936
55316
76553
-18434
-6370
11782
-3122
23238
44424
-9799
86651
-33438
7244
-56799
28781
15163
-13896
-25262
79801
23465
-12348
-22955
-16018
-82103
-65435
17555
77545
-27964
97198
23347
8652
21557
26448
57874
-13559
-60910
-58124
-85040
-32144
-63741
-54208
37472
28482
-47490
4526
65345
-89752
-27974
-22263
21250
58063
86682
93395
6038
-97104
33625
4609
-17869
-74311
-93157
-37190
45338
-17534
63034
74596
28061
-65117
-8855
77363
23327
-73205
-4100
86941
-68791
-6876
-35801
-83310
-71299
65815
-58853
-75412
-73333
-32546
-58171
-83561
-17969
-97862
-64816
55595
-65682
-90615
86389
-8428
-40525
-2923
35661
-37046
-38914
-84840
40124
-46827
-46670
397
35421
-87677
-99024
-90673
-11255
88795
40227
-46627
1038
-6696
-97862
78177
-92570
-15145
-84568
-736
23389
-93284
47175
-77579
-55739
-6878
42500
-35235
-97041
-66358
-32578
-82055
-24459
80309
-8965
2756
62660
50177
54789
-1564
-49030
-4689
-71159
-64757
-90008
-16727
-98940
-59905
89124
62338
-35110
33452
51118
-56036
-42158
30647
95158
35519
-31805
-26433
43024
-4409
-23280
51238
34452
-70147
-14355
34315
-79727
15571
48143
-31365
-16140
-33585
6825
-24599
72024
-89063
-22141
80964
52595
40990
-72268
-99808
32581
92075
15272
-13773
-61189
-34595
-59180
199
-92495
-50248
-20633
80808
33200
-48460
49595
12121
-14133
83465
-34534
-56476
-81524
63916
55561
58058
27498
30282
-30105
96025
78148
-19869
25379
88293
-92884
-20392
-12520
88313
23881
90252
68318
29080
22676
-46717
63827
-92928
-81357
72347
-23336
3747
16670
-43982
40584
-84501
-16931
-38804
25463
-92013
-23687
27463
-5910
67527
-66934
99377
91238
35543
86679
-94838
-63806
45774
27787
-56819
26100
85452
26430
26339
-40805
-95327
-10595
-50846
60243
78953
83359
89845
-89655
74388
-41746
-30478
-39374
33882
-88515
98389
42072
97533
24703
86548
20735
71074
77774
33791
-35890
26318
51663
-42650
17989
67108
3629
-20302
174
74589
53310
-17290
-57304
-61403
-63899
-76480
-30811
-68051
90242
98210
-40547
23707
86646
84275
-72742
-58669
-52152
-27157
-98509
6436
-16214
-62562
49383
10160
42398
88428
50599
-21574
2055
-36486
20526
-68581
-83102
15989
-85163
78487
12683
-10013
-28282
96881
30272
66835
-19741
-65424
-62969
67778
88961
-15993
14120
50756
15407
3721
89339
51317
-50311
21062
73979
-30234
30853
-71576
-45533
-88694
-20766
-90459
27424
68901
20734
-61634
-92473
4958
79195
76305
37030
49259
11168
12886
-52628
-26394
-36688
-33707
40478
39160
-71270
70821
-50279
68986
95557
-70345
36426
-55111
45720
-44846
49328
-21328
-76102
96788
-91695
-30094
-34843
-41380
-80420
98690
48788
-70867
-46416
15656
-34488
-41018
-75589
93181
-71162
-23835
-89130
-56205
65992
30217
34502
53508
-24269
73140
79559
-19626
11410
-23058
-59140
-82046
52249
-22137
93377
62856
-64282
73782
59282
-16931
90199
-78058
-22563
-67676
96791
57624
-77976
-39366
-40606
-64232
-74761
54155
-64299
-87014
66093
8300
66547
-48678
55493
-91646
-89398
-26265
-84324
53806
-87137
27194
-11850
38562
9002
-25976
62137
-34356
20856
79407
-91350
-39485
-76161
8061
9913
-877
-58108
-64485
-18746
-94068
52330
-70387
54908
-49735
-34887
-83801
79989
49052
-72665
-15871
-6914
12325
-17598
93190
-71212
56707
14528
-13976
39323
75481
-97762
89584
48825
-34072
44821
88080
-98199
-59147
-4531
-29297
-72627
-70940
-92301
89777
-49187
-43836
64000
-56210
43816
25207
80767
14065
34641
3047
-74703
94117
-99873
-17114
39235
45898
86561
59437
12077
90173
538
-57987
-77968
-48467
93296
-70648
-76605
-17125
51387
-90439
66054
42312
-18115
-82718
-15790
18948
4170
-66088
-97712
-52598
18017
8782
50760
-64935
-86799
-70972
-9224
52214
83381
-32903
-26437
-38275
44130
45835
24561
34572
-32837
-61112
64670
94971
-86791
49797
-53679
-40560
68876
-40366
-77965
26904
-51712
23699
7825
49891
20386
45762
3983
-58364
-71619
54999
60686
-92590
-37350
4908
-6297
28295
-5105
-60674
-29235
35335
-26311
-93764
31162
25920
-36690
93787
82820
-73764
-47076
-90155
-87451
98086
4191
13016
-11059
-74296
-62207
76994
-86644
80891
-92757
66368
78245
-57855
-45515
66474
-59207
89098
58414
96186
15402
-12340
-53295
21304
-71511
54714
91151
85331
-80285
-32898
-45845
40371
16002
85328
87907
60945
74126
4548
-18671
82713
97055
36261
30554
-70870
32322
5125
-68534
-66596
3424
11494
-24868
-98843
-30880
-49299
-63553
-41181
-87016
97155
-964
-78387
-57067
68288
13567
27628
-59577
47770
85536
80874
24677
-46772
32033
-12872
82687
18957
-49597
-31991
68739
31566
-420
-28519
57616
2083
58182
2636
-53832
32229
59126
71881
22318
-19620
-13666
13087
70054
85487
45559
-7134
-58252
95184
33749
79153
86196
-45833
93218
-40838
83917
-14358
7021
-5767
-54632
30156
1052
26222
-6393
84623
96200
95178
-20021
17244
-68413
11927
-91905
-93050
48537
-21464
-76116
56692
-27140
-33492
-6590
75614
-58611
15191
-42562
61789
33495
17114
-6275
6380
-27302
-77951
-30655
28756
80568
-82059
77672
-28975
47366
23144
-95402
46387
2658
23407
56088
-382
-57409
-26570
-56113
-83293
-85367
83285
-99578
29167
-69232
-67933
97460
29296
56119
40106
-71279
-22131
-40628
45736
77923
-19786
27123
-3721
-86369
-4885
86884
-79914
-52351
99035
-91282
46476
1177
-96264
-8624
-36315
73178
-36587
-14752
-64175
13647
10314
-45665
53830
90126
39568
86928
91436
-94631
-44425
12487
-26590
-35689
84509
26240
-16420
-55794
60230
-31721
82569
-4751
-55566
55364
87357
87584
-68124
-76467
96972
42596
6721
89279
-81488
882
30050
-86232
99432
-26343
81670
-40626
7829
-40388
-95036
45943
60687
5029
97389
-21463
-10297
-45348
51963
26553
-64816
-46868
-68203
-89852
12133
47855
16724
-3750
30093
96558
67271
-33099
1325
71002
-45858
-39057
26700
-12836
-69796
-8097
-68742
32932
-61802
86077
51747
-14836
-90206
-72297
-26875
25527
46008
39914
3272
-55824
62505
-72315
-73823
52646
58445
98461
-46591
-15968
-7213
70136
19592
5083
98759
40295
94500
-23231
-41429
-93833
-33229
66460
-24213
-97270
83816
56849
-42506
28499
-57668
42046
31281
42345
24465
-5808
96949
-60715
51221
-87336
97064
-62183
-44347
62560
-80275
549
-9563
-67334
32666
-34863
29702
38356
-91570
30814
24881
-76556
69145
74260
54354
-99044
-76384
94756
-64673
49814
41221
85455
34208
22987
-60806
58549
-59033
60318
45030
59425
23869
-12803
-92284
-17187
15110
-27850
-70515
-3482
-47061
-31039
-1482
32510
1964
-4526
36322
38347
-48570
-86348
-88127
-55686
-51097
62591
73686
90441
73585
2031
-77034
-67274
13353
-45056
-64195
38865
30287
-3806
2724
60236
38932
-85011
49096
-60443
-84497
-24805
-74388
47878
-47354
-90837
-40048
3559
-73494
65297
-57985
-48831
-95823
61537
81287
95890
19127
-68665
12784
-56512
-22538
-20861
-99047
69118
85712
86355
75314
11397
-85441
-8487
71911
19256
-68661
66380
76607
-60644
89954
-74236
20531
64774
73195
-31556
82512
23626
35028
29904
92226
92005
-73876
55282
49604
-29518
-72159
-3981
-27477
482
-91358
-99884
60201
-6875
-85581
-37446
-44900
-74895
16741
-67440
94794
-38904
94960
54832
91729
59548
-33420
-16855
-43087
70168
50131
40202
86816
31232
-45811
-69675
-59197
78237
-51934
47826
-69247
1948
55521
-63956
21488
40126
91069
-59520
-82185
-79798
-29436
76647
91073
-94505
-57050
58721
94994
-89217
-90809
12442
-95920
74369
-18221
17984
-13984
73514
45751
-16093
11732
71004
-22680
70610
-27086
26235
58088
83335
92735
55269
-71889
-2443
-45972
-31436
55328
79965
22478
62201
43185
1556
-80832
61082
-69804
-30817
52999
22548
57100
23818
70926
-7495
15029
32788
-68187
-12870
-74970
421
54098
48299
-30996
-88897
59175
92878
88522
82902
-45134
-76924
98816
65714
93391
93041
21312
28386
99142
1389
-59403
6014
-50861
80432
70180
-18518
30165
53562
-48374
-5278
-25874
56772
39545
74243
97823
-37532
62771
5808
81398
1940
-93860
67481
4932
64568
26576
78742
42472
-84794
-38972
86675
65309
-81704
69327
-90715
63476
-65830
94245
94226
92513
1107
27566
32923
17372
-99198
13091
8265
17009
70074
-82823
-28112
-57095
68439
25489
-21205
42326
-84985
-76820
72850
46641
-43486
-17225
-32737
6587
30072
-65389
-53619
-36972
55617
-96281
-83665
39586
-53163
86417
53957
90469
-4209
93116
34930
47845
-26155
83931
9405
11691
43933
-9192
51861
-12062
2549
323
-65937
61887
-87035
59621
29738
-70579
3557
2569
-23894
-29316
-29983
28244
6974
-10926
-36463
54077
-84509
-73962
-55443
49370
-45458
-17597
83210
73024
-31913
83201
-10178
38372
-44072
2266
10022
-11757
89111
80812
58959
23163
97886
-50370
-6350
-41541
-58745
94200
1098
-18133
251
83913
-88287
43224
54871
81061
25499
-39679
36639
-61152
-75698
-34620
32246
-16878
-66191
34250
49694
-11824
83289
-60774
59630
-96291
-55339
-25525
74727
38526
-68683
81477
56798
78484
53064
-79169
-10257
-6593
-34476
44586
34001
11185
-66851
-82171
44552
-19032
23297
-4631
63327
57812
-48048
-28105
-65265
21169
33222
54159
87045
9379
77275
-83435
86084
-88007
14844
94328
-73092
-66423
65926
-34625
-15017
-37243
18597
-56496
-48659
21772
-99103
-21655
-89632
-39474
29638
71238
-61522
-21019
-73332
66207
5726
47767
-17801
70719
-94426
35992
-49175
25973
-38849
56397
24312
-40246
-85968
-95348
-78656
24594
-31520
90049
-59174
95892
64183
24664
9582
-88893
91427
24082
78663
-23232
-86409
-8873
2642
-14087
-28515
-29274
3235
95119
-73697
93270
-38817
-90920
8005
-82783
-33254
-72531
-6622
77926
-55454
22035
-93264
-44922
-11723
87860
-5640
88398
-64768
31089
-99291
-40815
-89320
-33607
-16401
-79984
1945
23897
-65077
-36737
52246
-40737
-342
-60165
-53630
31648
30372
-27394
-65785
49789
49442
65561
25670
-77236
-1158
-85188
49348
71470
28829
-20010
6446
48580
-56345
3178
24687
-77886
37549
-84690
-40480
87357
-40146
62219
-44615
69533
27885
72974
-94084
-7465
5966
17215
57187
46412
25302
6303
58180
36374
-21783
33765
21785
82463
33488
45564
-49738
88443
-14685
14000
27186
58911
-61013
-58513
28238
51751
-83913
90716
37860
45041
-55670
-91228
95884
-73720
11879
-70887
61581
-60821
-24083
54388
44096
84655
-63838
-99520
-12260
-26079
61671
-70915
14817
49322
-61725
51671
-79992
5683
-54799
-43136
81463
89799
57298
-59569
-25731
-56491
-37529
58966
-70510
-73699
-13395
61914
-56970
-95790
-18436
61793
-41385
-80553
55588
-56293
76345
21693
42719
96098
18362
-80349
-70727
84095
-65590
-27505
7738
-87095
96441
-30225
12972
-69424
-33419
32183
93474
-5325
58782
-92447
-61041
-10136
-35339
-4660
136
2647
38606
60050
90488
-69497
92004
95144
12713
-21706
60728
-5302
2391
-27214
21602
67207
40043
-26297
71852
-52396
47742
-51135
-73491
-3414
24115
-63894
61838
-64180
-64142
-7690
99821
55896
11954
55084
25014
14672
-99014
8162
-74025
-27374
-57776
173
-44575
15578
81948
-27445
-26999
-24441
40152
-38890
2427
-36301
-57941
8248
-99499
-11505
-57864
-64972
-68656
99839
-7283
-82968
-58693
23119
10872
-11870
-49414
-86385
31046
-15073
-74742
45783
39919
-69229
-16792
-577
-89584
-45503
-46325
-37687
45914
-83353
-58830
-45629
19870
35972
-91811
8349
77192
28639
22878
-16873
44871
-2673
-92916
-33465
65839
86309
-47848
93535
-72395
-76378
29739
-20382
56040
-83452
94149
6450
78236
7573
-22946
96854
71800
-85105
71029
-40694
53102
-43816
6532
36129
93957
-24395
938
-22179
25500
95856
-20748
91829
49121
25537
62940
-51372
19610
-74576
-22406
-55775
58549
14913
-56308
-988
10470
88483
-83155
85606
87024
74589
20721
-33196
11917
69085
79560
80566
8727
17974
-56081
-38569
38823
-69221
-90102
-66629
16442
-21630
43011
-29169
40268
63
14262
-77379
44739
-77477
27692
59934
-90069
-47336
82107
75684
69229
82290
-95140
-56129
45265
35063
-89445
20925
78469
-11361
36807
-59614
-92405
3818
56423
-72166
48600
66516
98245
-6819
42548
6333
-41686
-99249
25906
-85363
17701
28341
40101
-39435
76969
34156
21316
95303
-5772
-57615
-78012
-70441
-42243
46458
57768
32067
41558
33126
-59963
-97711
-90729
-82703
26636
20206
-65733
70307
93209
84138
-1014
278
-2134
-78895
-70396
-76979
-10546
88869
-53239
-28605
-29405
50292
-51642
8794
75576
41074
-83217
-25804
-5058
13044
-41653
-33848
3758
-7118
-37391
86627
83386
43381
9622
-86951
8335
36362
-13383
84393
-70047
28508
-40897
23613
80910
74772
63687
-30882
74655
-47032
-70455
18705
1138
-80473
73941
87563
-10631
-63057
75260
-22007
95404
78976
-3033
77948
15002
96257
-86905
33778
-46368
-84568
-47521
-67626
-99263
20367
9729
7903
-61192
-54650
30203
-65945
-82016
-75650
-90697
-96827
99075
13913
-99473
95475
4375
-80436
-27348
9675
-6488
-98679
15179
24446
-27649
80774
-27819
49819
690
61834
-44631
72980
86574
574
-25186
-39058
49251
-65818
-26942
-85475
93376
70905
7739
-50871
18707
-38019
-89230
19393
10088
-59587
-95668
-80992
22589
19045
-6457
36166
-87178
72869
30467
91062
16297
7033
-70379
56156
-37881
-6623
-54356
-571
-10069
-85154
22889
-71483
-87250
77077
71094
-14068
22314
60926
-31215
2837
-1232
71712
35545
-71146
43048
79608
-5083
-59586
-1064
64503
38448
52170
-85405
-43981
-73849
50357
16572
-55390
-53930
57057
-49099
-26019
-63750
-44051
32183
1163
37973
42601
49715
-80547
7839
54769
-64215
74124
34819
82159
-39508
-96063
49219
-47033
56542
34401
-64562
1267
30661
66316
-11908
-26739
18568
51969
15974
-25150
-57805
71009
55953
25870
-23743
79562
60984
58781
49564
33766
-31026
49643
-59592
5144
-46763
2413
-49360
-33578
-81820
25529
-53100
5385
-72391
85824
-67203
-64784
-663
-1092
99100
-82926
72997
6909
90343
-94169
-65287
80801
-71183
-86226
-77916
-49739
-63879
49930
60961
-2112
22
-60732
88942
21352
87780
87909
29681
-58845
23389
-47460
51549
90668
-38342
91258
80052
-99551
-17350
18374
-25894
89383
26089
-12738
24988
60738
-25751
78171
-56911
-45973
88593
-44807
87116
27052
39866
35632
91785
-67214
-92598
-4848
49535
-23551
27129
22601
-49302
-94872
94198
76053
51442
96633
23040
-41753
-53138
26921
-98914
-91961
-2245
14980
-7828
-65183
95378
-23817
-2827
90409
48915
358
38788
24673
-57241
-82383
-4901
-74244
47207
46177
89305
98140
25012
46235
79334
28171
-92191
-91224
26211
42819
-51887
-14324
-37481
-81763
37118
35343
28143
11025
-21074
70469
5051
68712
-42490
-10832
-39341
10857
-32572
26278
94797
86384
84246
34294
12600
51964
47540
-6717
-60390
43154
-70027
-19070
41587
80855
-31499
37398
34173
77986
-7349
-22729
56516
71708
73533
-89919
-80599
-86120
66254
30330
68308
-65078
-54708
10731
-36126
16608
-3955
89594
82635
90164
-57814
-58852
-84308
72239
-58877
30661
-86124
-12642
-15761
-32616
70396
-35481
-55835
-13768
8790
6967
-17461
24368
-77045
23673
57314
-79742
42875
-63741
18361
-74556
13539
-29067
-54320
-93265
21579
79614
27843
25697
58613
-26902
-61236
68753
94928
-46977
-57763
-68186
44826
78960
53134
46915
-18178
67908
16548
-13893
-54336
15862
66255
-9318
29584
33049
-23784
-31780
-83161
-24661
38812
-66785
-91259
-30065
-53477
26583
27506
-49150
73551
88318
-38976
-76414
-45119
-32080
16516
86863
-98854
-93702
63817
38015
53860
34768
-1359
28160
22765
27242
44997
94521
-66251
-9335
-9191
-36872
-12701
61862
85840
30748
-2659
45044
73176
62984
44689
-36568
78559
-50380
-98545
63631
23855
-6564
15433
91378
24319
54804
-87396
-82086
-794
-29078
9945
-59420
7485
13312
-37094
764
-90809
-52679
-67583
-806
-57332
-89296
-2769
58818
-34816
89722
44919
24578
95820
-45529
29568
-92584
-78559
-22356
-2535
-1448
-78674
51156
-49717
-84550
53760
54670
98813
80582
37809
5113
-35103
-49936
65933
-41425
27856
81060
70105
-56365
62845
-57038
66075
24875
1179
-72510
49185
50143
-34663
88399
-30749
29688
-98447
-45776
-1449
94606
-33668
12801
52846
-46411
-18325
369
-97357
-83765
50539
51359
-2977
71427
75272
4919
20566
22884
-3594
-59247
18680
61793
-21612
42060
-40125
-59278
-41491
-13783
-52723
59293
66558
78718
15310
-83627
-52692
38382
16949
-51286
88735
-41033
72249
19148
-36385
57981
-33257
58109
29042
676
76134
91515
58651
32410
15732
-88874
-39608
-42702
73714
67094
47802
-58563
68387
-16527
65038
2548
-88883
-73679
66630
45435
92984
58165
-80727
-31796
-2345
39696
-13558
71847
21386
-34254
60949
-92947
-71354
-35949
82184
733
26753
84671
47452
-27823
93597
37566
78280
92377
83875
-30845
93428
-51102
94112
5871
-88612
-72523
-40281
51362
-36051
61660
7528
-11168
25030
69568
37904
-60480
36962
-74258
-32761
-31814
543
94232
81144
-22432
-85856
31378
-26388
53967
-74906
-96647
7367
22744
51185
8475
-2729
-29422
-35167
-30150
-13442
-77179
-31316
84820
-42653
-15946
43650
87641
-50895
-65433
26838
58962
82133
54514
64719
-54258
-50618
-69233
-5495
-44827
46981
33620
-98866
9348
-19734
61016
88148
89791
80486
60460
-31661
-82402
-91296
-53411
3795
12404
58626
-79014
84355
-66055
33695
76634
51583
90956
-69100
8209
-4748
-80757
-95336
82025
99104
32802
31613
36506
-2222
-24043
-56225
-27856
67565
-12838
-39004
46975
-92130
-88533
77645
7283
94360
47938
85291
-89927
-46422
69696
91526
55262
4943
-21758
-74681
80338
-6529
15150
-16593
-87484
-84808
72571
-47664
51878
-78329
97532
92548
-11015
89164
-35837
50490
-26451
-768
18051
-43314
74591
-42406
-69411
-65577
74318
23762
-14099
-93201
-37624
44137
-90127
-49027
-84855
-27146
34563
82396
32873
-56163
-79869
59810
-95016
70174
29418
9593
87901
-93525
-92770
28437
-41749
77
3580
-30468
17746
-41920
-79839
33975
-46389
70522
58502
94695
-92758
62610
74792
64636
55206
25598
-32664
-24792
77229
69256
-9048
-99642
77443
-87936
-25161
-21294
-572
-92681
-66719
64058
-57959
-57539
93947
-24889
23122
70750
27393
60203
27827
87977
-77630
-81138
-41238
-6780
-52203
52171
72987
-12675
35951
-99577
-39873
-96212
77529
-91012
-1335
17020
98706
31592
-7909
28691
36431
-22058
-21587
43148
-22788
-86588
5805
-64113
-79279
63915
33403
8605
-7077
96906
97381
18596
-7055
23513
35148
-34787
27156
79030
51387
65284
30450
73866
52753
39043
-7586
-27312
99911
32069
75548
52204
-84153
-44034
39329
34272
-73705
-76772
-26997
86513
-26607
94477
-9831
23981
-9919
22997
-35984
-98176
4678
60687
84429
18410
44832
19270
50036
-33280
36010
-10969
-36647
75320
-2365
-40701
-32726
-94253
-88296
78249
-61153
69441
71109
22887
-9002
-1595
-99359
-34801
-9722
-11337
-43951
2379
-10202
-37592
66778
47782
-9518
-98370
-43163
92029
44473
-83563
-96371
40934
24551
23165
-67023
99368
24688
66403
-70763
82443
95881
-53724
15550
-28883
-47049
-94654
57610
-47821
98279
72693
-80033
-46872
44848
-55248
47379
10831
19538
-96055
93443
32561
-88974
-61816
-49376
92181
-12462
-43600
-61476
29216
49870
75486
32352
93583
54853
-79760
92867
-9915
27922
-97653
-20983
-3931
57496
68122
19956
31147
-72115
75940
-39023
40318
-85862
5142
-63653
-5399
23135
-96447
94127
13276
-45669
-19679
-25148
14095
88980
74257
49038
-27780
-88655
-79609
6315
-37291
-42321
-97597
-64365
-98736
2527
87451
99892
-36779
-20741
-42108
61020
-74529
-93465
-20777
-49876
-44330
75018
98198
-87300
-73918
-10633
-55188
-85846
2079
-80439
-61754
-89
58397
-58574
31562
-53605
77839
-95122
97255
26794
79986
-25643
76358
-72637
91169
34160
92146
23374
76915
-25273
-56298
-7149
-62800
-85118
85593
-94463
11541
92696
-26664
-65579
60927
36717
-58925
-21842
-730
96078
-79037
29990
38418
98996
43935
-99441
-91465
7071
-66176
-69348
30575
-8766
26489
-87177
-36276
56013
19834
16124
-15903
42134
87389
74899
28676
29552
24547
20191
-58673
-98757
22901
-60403
20480
94337
75643
11331
-97491
1668
-43102
-12396
67969
-93083
-23892
64528
-29780
-48581
2664
-87723
-21530
61380
49318
22772
-75714
-67324
94022
-82426
-80428
46133
69618
37960
-40438
-46255
-50011
9195
12245
53263
99495
23347
69041
-13021
-56917
-27875
11089
-34351
-44439
-95200
-30316
77897
-17512
-33215
80898
9623
82915
49125
21619
90081
-67689
-64594
96894
-23598
65407
-59999
72131
-86007
35330
-19985
92516
55884
-90705
48318
-42452
80798
81869
2081
55550
-13804
20590
2802
-48109
-64651
35845
-64019
-44158
-53180
-60240
19887
-45160
50169
42625
85329
4105
-67932
15278
-19333
-41730
-56297
92927
-43381
27664
-25631
55631
79376
66334
-74750
-41232
-93761
5316
-22574
1901
-2293
-49192
47095
-35819
-70436
25621
39433
-67190
-52078
43432
-97672
-96011
-67070
84050
241
-61475
-83561
85685
66494
76490
-64908
-71278
-31696
42290
-66557
-69167
39462
63611
-16623
78642
14314
-18929
90322
-7196
-49818
-44264
-52220
-90796
-54048
30390
-46702
28381
49355
-98746
49098
-86800
57578
-68296
38102
-30108
-2155
-7050
-78283
-91213
24220
37377
68651
78710
-31805
-41955
70225
-82585
34753
-21851
87947
-73689
96176
43853
-17405
-30658
-2923
-61982
58876
11225
-21793
14899
-31316
58898
90278
28297
-32833
64387
-57461
97728
71600
-99250
33770
-63870
38046
-97191
-60229
-43856
85836
65288
77270
14245
-79936
-94989
-68176
14275
32469
-66221
65520
39085
76900
-9006
-13349
26468
-23468
-30484
29575
26836
-10731
42860
13963
-7891
-90649
73498
-71097
-42724
90222
47339
68721
82347
4363
41318
56350
68362
-42881
-73448
31969
-4592
58303
-77958
-66940
-37986
71504
40104
14590
-9534
69513
-25085
-25263
-27263
-71372
-97448
6374
60174
22597
19594
35471
1719
-82804
-17034
-42037
49362
43390
-43043
-20558
-80583
67485
77626
-65009
18039
28514
-57320
46158
-87237
-37329
-16631
82558
-84885
76163
84468
83644
50983
59389
81996
40807
-26923
-70119
49716
60757
48111
62372
35630
7126
-92929
99527
-7946
77532
30192
63163
-24120
62653
-99956
95044
-93197
-81143
64599
-46604
9585
95365
-9121
98297
34056
-83588
54701
-66750
6524
-91362
-73381
35725
-68428
-51238
-66686
-77767
-3440
23745
-1779
-74089
-91970
-29842
76788
74544
20912
-51161
-95693
75107
81825
69888
87204
-38270
-24011
5199
13318
42095
74429
95785
-84773
45118
-20177
-45332
57083
-40989
64822
4171
43770
-44738
8812
59267
36817
86776
-15784
-17234
5557
-27932
27538
-19538
-19272
-22344
16615
-33520
50134
-60247
78204
93626
22752
-64958
-3819
37840
-11965
-99505
-71585
-9745
-66317
-47138
-77991
-77008
884
37790
21452
-21689
39842
-59366
-75765
22307
98030
-91787
56328
-66341
-53720
15884
16363
14793
-61423
-72658
-90252
-10375
-70924
17581
65239
42801
-93461
99354
69175
8213
71995
42188
-50302
-73660
-47306
-19857
-33755
79664
-93667
65678
-52589
62426
47968
-55678
76385
-54440
-45397
36155
6052
50147
-80577
37057
17565
59099
53049
69937
68935
-97711
-3675
53695
-94219
58431
21541
-30355
40205
93703
-24997
23624
-62934
6714
5075
81390
98011
94034
-67581
91909
-27581
26315
-64971
-83115
11361
-80892
-25877
38446
43506
87163
55125
-7546
-28153
90171
-70153
-87927
-89867
65947
2324
-48232
-52075
-33961
-9830
2743
-2664
-68248
92949
-99719
10198
91286
59428
-20503
52672
-79808
19910
-74083
-47485
47299
21847
-34782
-18875
44160
-46817
-86773
-40963
-89233
-52438
1789
33969
35957
-70529
-50246
40247
-52052
20164
59156
82828
63083
43854
-51007
4911
38247
1562
34316
-47814
-66266
-73073
21735
11584
2970
98502
68536
75539
58820
-3537
-55370
-29732
-31286
-3881
94429
43655
26040
-38785
80626
52321
-57355
-82464
87053
16059
92811
72214
-44017
75018
61924
58818
9996
-71963
-21525
25329
-50225
-3778
-97084
-24404
19859
-52904
-60877
15647
80583
-71186
-72568
-47001
-74978
15336
40161
470
-52396
-2468
-76866
56859
62319
2758
95106
-33769
23928
-59906
17826
-86857
19010
11713
-84773
30282
44880
41104
87545
-45151
-85182
66621
-36401
-71120
-35436
71605
32768
-59730
53413
-31521
88182
49785
-30690
-63193
-18667
-26365
82985
-86265
-52291
-86165
61718
-78784
25263
-11125
52296
31143
-83795
-76224
45445
84202
-92024
64528
-56338
-56708
-74457
-81539
22679
58749
-73029
68010
-37272
-50746
59312
27306
66842
-12405
-59763
35732
-38521
9503
35788
-19460
28301
-36880
27464
-94602
-90567
-62100
-11098
-47609
-88180
-21986
-71420
19
-59422
-84582
11714
-72541
-14341
-1566
-63584
-78840
93804
-33417
-98075
81287
83762
79904
-49652
-62399
13952
15371
66804
-90690
-9264
18923
-85098
69188
-91090
-44225
-7069
78739
-60174
82517
-69748
44331
-35791
83101
70730
63902
86630
-72754
-39610
-60051
17228
15026
38489
-88156
-35980
9803
37566
69001
-51963
76326
43464
11556
97889
-17807
42237
62352
50666
-38049
-38179
-77176
-21669
-67032
36035
-71467
-38269
-96521
-28050
-42862
8957
-63254
-38326
9061
97113
-64422
69317
44032
-91071
21872
-99779
-24493
56743
59576
-4025
-65627
-73761
70217
-66230
82952
-29526
-34783
-85528
23062
-60514
-71529
99781
-26108
-7146
48557
-14355
-23517
-14829
-39127
43796
-47107
79153
-80031
28359
-42360
28050
55747
77886
-79861
-16272
-79473
94683
58858
55943
90862
36519
83538
-6079
69001
69863
76481
-65893
-10988
33167
98813
-8169
21644
11903
-24348
-4572
-84831
-48487
-26266
98242
-89605
-22140
51782
-19939
-5831
-47389
81955
96329
-88052
-90180
84145
18214
-53234
98167
-76179
6592
41904
-58937
24434
-75450
40578
-88711
-88344
-44814
42659
-96747
7597
-77278
94292
-60580
-16845
-50642
-18350
-54087
-61630
29662
-18638
-91607
21548
-10298
-83342
10675
302
83561
-69958
56695
5731
-93305
-44611
-13915
-87964
-96630
-75194
89190
-89516
83896
25439
-23766
59308
-10560
-38827
-4118
26958
66512
75809
-24809
42302
-49032
-78682
746
11302
-94375
55475
-85855
-54273
-77976
-64932
75319
-40065
50244
-9781
-76820
-23749
-96491
72754
80743
33494
70745
44590
12028
26179
64586
17402
-74264
59537
-54335
-37240
86572
-24871
-70755
22629
95827
98505
-46623
19988
-36700
-56247
52263
56730
14334
-40916
90515
-9841
-33354
-72202
-55140
-35323
31445
-21183
61071
68061
-23864
-5342
16896
12333
-68809
69619
-96561
-16787
-66932
79121
-73833
-18062
86598
-64172
-80397
7844
-13871
49705
-96620
-95566
54277
4028
-13712
-94437
13911
-49382
-92992
12407
12273
444
-29556
-58075
58708
-42630
-41624
51014
-16064
-57523
-1422
63172
77005
-37087
-48648
73672
7638
-35722
3560
25516
-89733
3986
-34808
52797
-40651
99755
89623
51819
-38191
69800
96893
-442
-57522
-71295
29730
95826
-88187
257
-66230
-20151
84015
54276
10890
4148
-64486
-57608
91919
-27928
31034
87445
48762
-98825
12011
-29277
83302
-74589
13685
-45738
-4823
37892
14820
-39096
51880
5131
-92834
30723
-37587
-14022
-87046
13762
-87368
-97466
79549
74905
-20407
-98912
14961
-688
13617
67823
96872
-52050
-19925
-86566
25587
55913
56710
-56934
-94771
-7268
11113
-23177
37234
94851
85890
-47764
58849
-96810
-52740
-47264
-27065
-89285
29122
28737
62881
3892
-90125
-12332
25260
22246
-72549
46092
-17729
17280
47016
35662
81711
81185
55089
-72009
68946
53437
-70928
-34405
72862
52621
-46150
-80681
16598
-13952
93241
3527
-67129
3615
-46367
-46815
78585
-34462
-88330
47003
67181
-8511
-42145
19939
66974
72097
27491
-8875
-17161
11486
-53022
-10311
64139
-54266
-83094
55155
-32381
88604
17999
-39017
92515
36835
-71693
1234
-46056
47
-81718
-55215
78205
-35099
40886
54466
-78541
-1487
34182
75454
-71478
27200
4753
-12607
96384
-7625
9669
-98538
58854
96133
-40011
62966
44779
45038
-7142
73385
-46684
50279
39325
-45495
-80074
-35966
88722
-62438
-88237
95220
-19494
-96213
-80289
26473
-26035
62541
-67341
59387
-62285
56759
94717
21547
-18471
-17403
-4580
48650
75914
91895
-3112
10440
-93251
23244
6392
89545
-11550
86413
-59253
-74461
-93952
26562
86251
95662
-36128
32701
87675
-9032
-40979
52515
-32128
63386
-83936
69460
15688
41482
27867
9062
23055
237
-80965
99374
-78799
47726
98557
-94389
76759
67052
-2872
46555
93639
33904
618
16666
-43947
34162
62479
77892
-28941
-77743
94450
12946
43520
-564
-45608
-23259
92298
90081
98474
4248
72274
-93570
-71029
-99336
3370
29562
20436
-22169
57983
-59796
552
7667
34020
-94810
-72890
-26073
24744
-98625
-29780
3275
-34824
52960
39086
-80626
-39905
-45499
33682
7859
-56923
-71349
-62423
51605
-53630
58641
-83444
-16573
-381
-46737
23270
61241
-62898
-24094
-5832
58574
-20853
19830
-3602
53197
-53730
77340
19091
-45575
-43561
61866
97168
-18226
-55972
97044
10856
-76034
48168
69093
24658
-63672
-45334
-12702
58576
-51527
14716
80200
63180
-3257
-61945
-64748
-10525
90605
-56136
31159
-64512
95866
82607
-1513
4260
-99798
94091
21016
21524
79706
-38138
43618
-33883
98175
6094
-55500
5400
74484
-66455
89640
-9229
39754
-60147
-17990
-13055
98754
89066
-763
-72583
-2257
8815
82152
26433
-8308
-58446
59101
-37315
-7991
57550
79340
34736
93170
-7427
-64617
-79799
-128
-11466
33862
3211
27144
-54700
-3736
-72800
198
-8566
-98193
42819
-29719
93493
53707
-47404
-79214
89977
56244
87388
46499
-11401
-84168
-44288
-17507
-97376
-70036
-56670
7053
-81458
37792
-64920
-67497
9810
-26488
-74074
-61712
81689
-17089
-98918
-48436
62861
-49731
-98493
71964
42181
34113
-64850
65887
-26547
39119
-41251
14984
35003
16731
-46324
58092
96438
22864
87988
52844
12653
-51318
-46985
-11182
64883
-32747
-84150
7506
-21455
74708
73621
-73607
58189
65156
42942
69248
-2194
83472
-13054
89688
-10101
-43070
-90640
-41199
-7294
29251
-42319
50339
44707
22029
41916
-66404
20968
-82381
43279
-86090
40913
58058
49142
-12776
27396
-77366
-86571
-61721
62658
95231
81402
9221
-68055
35237
75704
-17252
97301
-6944
53328
-85743
-41988
8728
-32799
53054
75835
34641
-42260
-80835
-89872
4613
6610
-40300
-35019
-88963
64703
-41899
-19633
-16922
-89942
33542
78519
12043
14478
-14334
-34088
-98548
72123
55895
-62687
17516
73775
91040
67137
1763
-46000
51800
43775
-38543
-53273
-56594
-80924
19808
-12638
-29672
-99071
-67835
90361
-58135
73881
31453
-32600
-33542
-81018
-6008
-94638
-35797
-67128
3018
23965
41472
5167
80036
8749
-71724
43493
-63052
-90371
297
19525
-11702
66735
59743
18083
71661
-31582
9347
86913
36770
-3277
94464
-49602
-12690
9116
-13275
16962
87180
64783
-82677
-75326
76206
-57006
-62503
-23239
-42740
65770
-92625
-87411
11292
-52533
-80086
5460
-41732
56630
-62983
-99334
-67667
-40537
-26534
-75516
83989
-29431
94585
-40493
-2745
-67818
46022
30164
-20859
-69419
-26944
59744
-90129
38552
65060
-81161
39888
51198
52848
-35552
-99143
-8194
42183
49227
-6528
28448
58959
-52616
-42480
-45248
-35536
-94972
-50548
-73970
-24691
4753
-72316
-72714
-73965
-86527
-6324
7345
30866
46940
-9174
79761
94211
-57747
-28236
34722
-769
121
-35440
1284
40218
-25680
93006
61248
37423
18598
-43666
-17080
-8647
-44040
-10343
-66211
64656
14764
31140
64739
-11200
-38693
15586
14074
-80451
-35872
24738
-5622
24241
-66365
44694
-98351
-24206
36933
77488
-41083
26197
47411
-76767
-21892
4899
-42515
-4736
-77672
25734
39467
37907
49441
-88498
68917
43816
-62285
77680
-83514
74391
31619
-9803
54958
7457
74329
84324
63502
21062
-90335
-33420
-57796
9328
-98450
94908
36348
60587
5585
84369
40531
53021
-98484
49788
-175
-59934
66179
3861
13711
-87688
-47249
35437
-26231
87922
-3978
38271
-82032
51951
36209
90534
95804
-87522
-93982
-35986
-38995
52990
50314
-59970
-40820
-79214
-94610
-40134
91394
-66894
51441
-3219
-75947
-42512
-72613
44519
633
55808
-7085
17485
-47731
63180
-43193
-50906
-75987
67455
95819
-41016
-93905
61327
-24194
78931
-31020
86943
-92452
-21112
-20242
94464
-83422
64909
-44701
11840
75145
17078
-79809
-18207
-76378
-50349
54339
6778
-75135
55430
-17389
19791
4764
69705
8147
73946
-45056
-55650
-97306
90887
73891
21646
-25321
-7988
73342
50156
-48049
-70344
-68464
70256
-43248
82556
32438
-75059
77507
-29428
-80959
47484
-10456
-45339
-12200
74990
81758
-5420
-47216
76779
78779
21852
44662
42378
14759
-15279
-25928
9754
17188
71468
81891
68084
-69174
70722
-95364
41101
-92390
53759
-1604
2963
65755
-94074
-18784
-86782
52639
-46928
-85799
-54465
-38823
-80882
-54635
28680
-46027
44970
-79393
-43105
-76424
-88729
37590
-41948
-98582
-93490
11056
-80599
-1250
7964
-26208
84478
72298
-48097
-3083
-50409
49583
99562
-47350
1995
-62984
86325
72386
-13297
-86894
57606
31397
34840
2753
27279
-49458
-77836
6967
59735
61516
94620
90777
65900
-92019
-19074
-68124
61445
-65962
-56101
96895
-92882
-28479
90102
65475
-366
-52874
-90288
-56837
32669
40014
-55224
19899
-93672
-80947
37794
-95141
18405
4295
55673
17444
-54632
-77936
-77088
77160
17741
-70878
-98353
-54186
51819
60027
55026
-97133
47363
-99500
64839
62176
20758
75182
-70193
64893
65641
21936
-7141
-68670
-94596
20186
18971
28638
81794
-75494
34996
90159
-44246
42826
23086
86524
-98649
-64064
-69230
11049
81242
27319
-79343
20769
9765
29820
54985
60590
-65622
65083
-45377
7450
-69326
-73611
-51870
58383
16996
-69687
-33177
62773
-71883
3484
-37694
10810
-59588
-82182
94311
-25361
89751
-82284
-45072
-35362
-93770
-26037
-71092
17084
-44069
98204
71446
-32970
-76005
-14268
20995
-85247
-80157
65752
-15869
91565
-48015
8730
96826
-68376
3047
-65959
84884
9974
-1883
-90616
-78039
64856
61005
-9030
55069
99441
-82595
30514
-31792
-49041
81663
-48354
-43596
-43751
44189
92499
30261
-8036
28668
98110
-64900
13007
-41013
-22616
-5167
94189
50656
-33967
54385
-88000
93771
-55271
18336
-38356
37641
64814
87163
-43001
25674
92676
57677
99663
38763
78490
-69783
70369
-88206
-15126
66034
-88667
-12339
93755
-93169
98878
70658
-75934
-82042
-99115
-25046
86666
32135
-68773
80784
-29491
30263
80037
14064
59265
-16178
-12090
-44040
17528
32183
-86021
64253
-12591
-89797
77963
-62867
-59090
-5954
-97577
94338
-98154
-23573
-63876
-99105
-17052
-85898
34378
-60663
-13825
-65963
82541
35217
34782
99637
-39076
-21285
-411
27795
-90337
98666
1285
83764
-83343
24611
-20566
29650
-47359
-95952
-78484
1232
12759
-28429
-70056
-30180
50638
-43192
94515
34124
-1871
44141
-38264
-32705
72308
-65443
17712
47641
46484
-41506
-65846
-88084
-90128
63634
-90468
19911
17981
39823
-85347
46797
-90957
-30745
-69098
7856
21259
-73918
59094
-48002
-35522
35225
-79292
-61320
-88599
-69053
-53733
38482
10828
-79341
-54768
3614
-97556
23016
-45494
-69228
47822
75865
13547
-25883
12558
-69651
26976
67701
56129
56501
-16390
54630
-96044
-61713
80811
-4848
51331
758
51969
10256
79352
67608
81169
77910
-77858
-2717
-94255
-36275
2299
84540
62188
36620
-93369
31417
52809
-2622
-6770
-19144
-65962
-90287
-18904
-57021
62510
95752
-310
-33836
87858
17491
83089
88943
-47380
36209
55547
32627
50591
-73286
49706
-32095
94764
-77070
4850
-55850
88768
11108
3316
93197
-82346
56642
-15427
-10081
67913
93281
62001
-43779
-30615
-48437
-87070
-48637
21185
-41097
28758
24796
-28478
17204
-61854
-40111
86719
-23965
82585
26848
-20932
-28654
-4410
-55685
-8321
54727
-11279
26096
97354
-34795
38970
59937
-74350
40784
11173
91695
80258
35185
86324
-68880
-11732
-33184
5378
54643
-43835
-34936
43521
-4693
62190
84116
68138
64801
72325
30092
-49364
-19225
-43098
-67218
80895
75647
70272
7046
20876
-12399
-22252
6422
82805
68216
-67171
-23916
59007
-95523
-36859
81539
37679
-68046
-76748
48031
93272
22379
-42927
-27591
92505
-84085
-89218
-63805
63909
-86020
2736
63463
81508
-71261
84917
-68442
44630
-11137
-55112
45443
-27851
56406
-25633
-53672
-7442
32863
-35557
89908
-49629
42313
-22065
-45389
47688
-31796
-26452
77760
76380
16802
-2653
-58755
-735
66099
-47094
96019
-90670
-12649
20912
-38058
11943
-25653
-78919
-64250
-74711
72643
66029
-72531
91777
-22393
49692
-50209
41286
-2218
2106
52551
-46516
53479
1435
-72757
26113
94742
-22458
-46374
-88195
7900
-43049
-57690
-80111
-42567
83035
63098
-13080
31996
76734
44492
-5095
11836
-91949
84982
-12280
-49728
-79111
-98762
-75177
26173
63179
-42884
5697
-87852
-65127
-78524
-57484
14334
-82747
-75341
-63143
10927
-49175
35955
71039
-19999
83204
28047
-10802
-82476
-50333
27422
-73245
50335
-23008
-82648
-93447
8505
12664
-86863
-305
-73699
68120
-69932
-83727
73467
-92188
-56820
-38569
-59233
78902
-62819
-14399
61828
-58356
61707
87770
35977
31831
72465
-23143
51221
-39629
-77865
-61860
-74401
-31604
-76731
-58200
43826
71755
-1013
-32189
40089
11050
37661
-42834
48020
93526
-83160
-98251
62984
69026
22720
20788
-86849
-12745
-57268
31225
43197
4738
-95206
56144
32543
-46568
80712
3997
-78000
-40815
42678
-80188
-95862
30589
21133
66037
-56428
-7719
63902
79522
66993
-14089
-26599
67548
7544
-40052
8480
62879
57152
-18465
92358
27361
-81351
31429
33050
-48364
-93214
75396
-10695
61196
55002
52924
21782
41616
-40399
65314
93353
31063
-75936
-25541
81839
-19832
-36255
-19890
23300
-6719
-51778
-46878
34128
-46009
-41611
-36747
79582
-21626
21139
60762
-46015
43161
-61297
-3806
11438
25951
26327
15810
-38735
-1220
-34055
-85742
-29536
-49429
84722
72605
29561
-29323
-98867
-8915
85770
-8535
-76567
50769
86857
-34074
-55240
81718
53800
-59157
-61607
19837
-37802
-18584
404
71148
-35186
75167
-41480
-62633
18647
70679
98114
57961
40542
-71650
-81981
37168
59517
52142
79272
66494
-1106
38515
-10201
91926
-78802
-14094
-67378
95663
-63417
-15758
-1493
69000
-68735
88390
53524
-64164
-54574
-48323
52737
-31318
54564
-89070
76131
51642
28741
-79054
478
45037
9492
10824
-88307
12935
86805
-90958
-86523
90646
-84646
-16955
11939
-59361
57794
-43743
10673
-41477
69786
-98175
58777
-96718
24969
-99348
-11743
18813
68325
-5506
53489
43567
-17169
-92832
76710
-32266
29272
-32480
87029
21400
46073
14659
-88675
-81320
1751
-83180
92869
-35402
-439
99704
-96148
80519
-68726
91467
37759
81437
55489
86782
60986
29565
-76337
38146
-31841
-25693
41993
81834
-923
-53723
-80038
-83833
12345
38080
-33239
39441
85313
40015
-48884
-27656
33944
40040
93130
-86484
88378
61791
-41830
18054
72157
73398
40659
-81884
-87187
-20491
-66287
38192
-54237
-41498
-23259
-30390
26168
-4954
-63502
-62377
80184
-47184
-79469
81432
17340
84819
79799
54488
43005
-4892
30948
-39337
92541
53099
-99144
52520
61764
54936
50403
12265
-84167
43936
19669
-62786
-2668
-87944
-24141
-63841
-50795
68828
-40876
10770
-79242
-81963
10742
-27543
-54998
68169
-98625
97196
-90891
26056
20304
-65125
46002
-65194
93174
33502
21527
-57050
-47675
384
-2923
45873
87073
-61387
37659
3688
28085
-45773
-43353
14473
72756
-12713
67149
-16452
-17154
84223
71752
81593
-89702
82760
-74807
-14288
-83079
-98924
-81994
-5289
29
-22069
27100
56385
12889
35603
50295
98268
-21856
93709
96182
32941
-26064
-64031
-38136
58997
86579
-46534
36425
-22332
2351
-41862
76267
325
3026
-97485
-16268
-30066
-81965
-93140
23849
-1769
-29575
50362
-15166
68643
-85814
39518
98081
59402
-18972
-64244
-51601
57225
52799
-75082
55593
45931
79953
6827
47373
-14345
63500
-76620
-54792
85407
88617
-85938
41313
44448
-8034
-48009
-50961
-56029
-27957
88604
-43144
50049
48873
-2786
-16027
97929
42761
-26355
72356
-15907
-76232
-77486
-63138
80132
7430
95974
39635
99248
-4124
-59278
83310
31099
39912
79420
3538
13391
18768
-56203
40329
-35937
74106
32590
85711
-5055
-13263
5084
7790
87625
94905
91604
-97394
79073
77416
-95929
-90328
5850
-30909
39367
-58244
-85932
85898
-98761
-73743
60103
45110
88054
88040
-16474
14654
33753
9246
68324
-99189
-85904
3797
-28412
20860
-79229
-12378
-23836
-60838
81191
67102
41272
7853
35551
-33361
-87902
-39403
72763
94858
78283
-37336
-39497
-94313
62822
47552
82447
-85951
42247
-94414
-65632
19155
-4570
-65588
-43763
85342
-26148
10797
-25735
67811
-25372
-45325
38937
-17918
-22690
59052
40901
32626
-54163
89706
52218
-54378
-90866
14336
-46480
34666
50412
49254
1853
-35867
2099
-47846
-4548
75847
36579
-98421
-92746
37586
93917
-56998
40296
71963
-6515
-42797
-80817
-60979
27084
-14833
-79032
-79079
41531
-8197
-11942
-67376
92489
6227
87625
-9622
-36818
29609
-29444
70791
-50037
68746
86218
18080
-69918
-93091
96451
94968
53056
17443
-46268
10246
3185
-61860
5459
85612
-15086
-39932
29802
83630
72575
73983
-42932
74517
-15645
92254
-47907
-57728
-86306
35490
27482
5428
14674
47114
83561
-2411
-20583
27886
-53927
-9619
38009
35643
-58498
65449
28011
68391
-20562
-40723
65798
-1360
59302
50565
-45040
-89198
71027
46803
-76699
-71447
-50142
84736
74311
-81136
-31607
-44496
47702
16493
33405
-21007
75239
91511
27859
-38778
-35384
24290
-83049
94888
14568
-60129
-24781
82252
-89029
84922
-36066
-49038
-8317
-70672
-12639
26647
36979
72607
83314
71210
42265
-19395
19450
99319
64743
91357
37058
57676
-62428
-64856
-8762
-13706
-56093
-33809
76078
30706
37918
14277
-70627
-93853
-85763
-74317
57456
44224
37025
7207
-41728
39712
-97591
97721
-15559
93526
-87171
-79758
-47111
52780
-43724
-24437
-48951
-74292
87314
9020
10993
49121
2480
-62818
-309
-80549
-22241
36587
69979
18070
-93789
98528
53462
13877
-56166
44200
64359
-5261
-51996
21163
87287
-71639
-9134
91820
-66026
95315
-26669
47021
-63165
48856
-34373
86409
23
93468
-99806
-91228
98834
-96429
44724
50896
-26269
-92404
-74600
-59259
74711
16719
74127
-72246
98273
6472
25852
33877
90182
-71369
74836
34841
72890
-72323
-58342
19855
-9238
42589
65265
-46456
11827
79981
10908
91621
-33289
98799
49999
-38776
62544
-43976
-21423
-10391
-64873
-33191
44330
-39361
13850
-59255
-4393
-34447
93304
-88576
62636
15007
-49119
11623
-3104
80097
75502
35094
-35167
38120
-22723
-48746
67343
77655
-23271
-52505
-53478
26926
-21835
-82743
47869
97985
18918
-32302
2909
-77432
75152
-50897
-61474
-80879
10476
22512
92453
-77278
-92772
-87347
-82848
-67946
-75071
19911
40518
59618
44632
-99255
16378
13932
7608
91739
42023
-9611
-96234
21226
47908
59331
-59646
-73470
-32107
-42798
88312
89632
-49764
-4108
30799
15626
70519
-91224
-25209
57252
30644
-86952
83851
-44835
-96511
43495
34030
-99295
-37447
83074
83183
-88762
-47305
60904
31979
-69354
-21059
96903
8866
-48000
25117
31367
288
-88622
54638
64852
-60860
78141
35725
-94120
40710
-18739
93257
16344
-46844
44791
48296
-27221
87591
91965
16277
-65130
-2859
-48492
53545
73201
40072
-12833
92415
-31438
3156
93215
-92987
-81008
78481
40308
-41329
-68825
19984
-54920
-52612
-46478
4648
-144
-80058
89176
66334
-61307
-94554
60725
-73559
96610
43887
-26694
15353
-41010
-84455
33396
-1037
-73206
-61513
7249
66658
8015
16116
-5200
86917
-86291
-55996
55998
-76589
90815
81147
27489
63731
-78230
76708
30646
98267
60544
39426
4691
-86301
-87736
-3181
-96632
-33218
-56566
-76000
56950
85976
-33058
29440
43656
-34004
-51677
42407
69789
-7056
4822
35505
56976
-10110
2988
-57535
-78676
10390
-57221
-69304
93089
-55101
64845
98594
5217
-84499
-4626
-36565
3680
-72544
38786
13875
-57993
23914
-34803
1685
-79474
-10565
-49887
69193
-84506
-29863
77141
95464
83216
59060
-17463
61780
40562
61249
-9396
33400
-89920
-51381
59775
34382
93916
-9097
59737
57298
75653
21608
-97282
-67605
-23826
111
-70331
-54581
-13475
-92964
-26159
-49283
56443
70319
22136
-1091
69082
-85845
-91194
69710
-68213
-68962
-86630
71708
-52078
-67739
-97705
-88687
27219
93807
-36920
96107
28391
13493
68626
70044
-44304
64976
-99383
35798
92212
-14047
-50719
5829
67584
86551
94467
-96179
87210
60049
-57877
-56568
13964
-87475
60506
-23716
-86769
-94100
2859
7531
-70052
43702
-13232
46273
-5667
95904
-77222
2591
-96259
-85777
22088
26747
-40992
99591
64957
-1778
-44324
-20206
6375
38800
-27029
37637
-61555
-78945
44205
69145
-37201
-72431
-72982
2017
46179
14275
43419
19458
-48701
26475
-70461
-14507
-50325
20028
-68879
19683
84753
-90837
47375
1436
-48674
-65217
68669
-2136
38752
94804
-4915
-13117
94238
-62585
-83235
11173
-34806
-20374
-79290
53103
-35252
87492
78706
65379
40308
84620
-36949
55447
38528
-55699
44773
-26636
-42305
-41728
83383
-23366
-45115
89068
88416
32931
-89109
-26984
22007
94669
-47602
91969
-56072
7576
44647
96176
-17355
-40353
-39510
86159
-75805
-63360
-56643
51048
-63282
43275
-39966
92720
4028
-8565
20678
-69818
-36615
-42145
33349
-36382
-29669
3650
-68626
-14967
-77253
-20011
95149
44380
92595
82812
12051
12532
72545
-1982
-27908
40227
13048
-97013
58855
89748
32909
21291
21358
32318
50835
29810
-45174
-238
-47286
43397
-97761
-12820
52650
1614
58935
16645
92173
-34036
97606
-32767
98970
91545
66820
27848
63934
-4136
-34356
22684
-36245
-23322
96037
36266
-18023
48143
47739
-90579
-18854
31663
33010
-87747
19884
-57077
-94220
-46436
-22362
-42217
-99697
82803
59332
86464
96825
-69555
53818
25867
-54465
-74751
-76166
-97920
-4983
82159
21871
10927
-65937
-30318
38178
-21392
94799
-88366
-49056
-30141
56286
40753
37959
-10754
56718
-55711
-55069
90399
17393
92543
-58189
-2766
-8751
26499
6186
62912
37857
-60276
-5250
-89397
19660
-15912
66433
70943
21863
70772
27495
91444
-64994
23520
10144
-83231
-14499
-14691
-60517
33565
-49593
-80670
-234
-3209
33020
41911
-53382
32332
-64905
39377
79562
-51893
-7086
38713
39000
-29567
-21321
-43632
-12101
84219
10378
320
-74073
34407
33186
5727
-35369
-2204
64959
-77426
67113
40689
-80682
-43519
91182
7577
22106
-29068
97739
29328
-56087
45310
16967
17607
45571
790
-35345
49711
-3307
-97153
-89636
-23750
-62104
62072
87692
9115
-68061
91243
-93846
83445
-87338
42671
31976
1152
46467
41933
65966
-93398
-21820
40075
-16184
-37548
79533
-23998
69376
7069
50692
-98901
-593
-37563
-21584
30177
-41444
10811
96789
98909
14952
68258
-6703
-24360
8894
-32873
-7954
-98718
53306
-9938
51492
-97411
-92845
-30783
-62897
50571
-4086
29780
57820
4999
51774
60908
-50263
-8258
-8066
-71475
48779
20353
-75191
53966
92441
-97056
53880
7016
-43064
-52716
91320
-69748
-70790
35557
-32687
33310
16387
-21243
55562
-52097
94391
-6771
42728
-43732
-4275
15242
51385
24058
-72239
33335
-87876
70847
49230
-70739
-26627
10381
-69792
-32902
54515
74962
-66912
81776
80441
-19589
85147
-38240
80403
-29480
97335
63590
70901
80317
-82100
5140
-30957
89523
37163
-57907
1401
11111
-13016
-46672
64084
62371
-31190
-88455
-72421
52253
-20655
-63651
9937
91042
-66588
84829
-72018
67701
-17596
-53707
-2471
-87368
34103
-66285
-18584
-84008
-95640
-6383
-97185
-8693
77018
-56220
-12598
-33543
84496
-4679
-91523
-2421
59183
54229
13993
63579
-74975
53085
-11174
-74407
-17538
34330
-65541
-79500
79059
95582
79585
-49083
-10479
56693
43724
-2410
-8663
-6911
-81144
-4612
64829
-26033
61185
-69642
-98371
9233
-27147
-79907
-13101
-69807
-2108
-88730
-26780
89155
-37490
27596
33600
-94195
-21404
-33079
4414
-41095
-24684
-51987
-82009
-42058
14152
86336
-53797
-77337
16938
-30370
43697
8535
45460
-61405
57827
35432
-36454
-13556
-7011
48743
-24201
30921
-34187
-63369
-32797
-94523
-68075
39622
86094
-84095
-59883
-27929
-29858
-17211
-15858
49863
54834
-1940
-986
84312
-44596
31686
52328
67928
26854
-36583
14143
39019
28269
-89659
7118
-47703
-58705
-22433
90899
67226
98210
97949
-83393
82021
-68240
-50052
-47958
-55753
6390
32938
69821
62196
65058
55472
26010
-8689
60642
24456
-2038
10559
-62315
-1715
-78077
2008
72005
26871
91328
169
-95567
81901
61896
62992
-39936
-60047
-60130
19059
83883
62424
57762
1273
-7640
-66409
4428
-77759
-76453
-77587
58087
61613
-66745
-75799
29785
-6033
-71050
-19275
78489
91980
61198
-62360
-44291
-87982
-44904
95192
11880
2328
18147
-78172
-73130
71940
-60321
80561
-4574
76218
2762
56719
-54816
749
-76549
-2431
51945
-14052
92746
-76171
37992
-53491
83598
-2964
64400
72354
38492
-18941
-25232
-33837
-99784
-52618
6298
-84600
-98526
-91426
9462
-72523
-98900
18888
-47330
65645
-47599
43905
-21494
37474
-40162
79373
-83224
18134
-95149
59168
45039
41607
21115
-33493
-18983
43925
53922
20028
-21802
42612
56829
-18129
-57372
36804
-34197
-99085
46779
-7594
-41397
28019
96195
-37852
-3835
36947
-59323
-68191
-55955
-56059
-97157
-55187
30546
45427
-79126
72020
42056
-23166
27521
64104
95058
-43629
74467
30863
80026
-47468
83387
32230
-37102
48399
5021
77355
66267
77583
83912
55085
-61746
9734
-83082
74940
-44258
34701
38608
-4383
86376
-56928
-48666
-23756
38604
27721
-58759
-5134
1893
16461
3586
78705
5362
6868
-11769
62825
18608
-30245
2580
-869
-31903
94275
-56742
-11022
-23238
45139
97155
26282
-90909
-68037
49968
30851
97936
93687
-63006
-78013
85236
62628
-35578
-13692
91866
-49875
47088
-99504
-206
32809
98233
90533
79480
-50928
25960
-32875
-76106
-87067
-79322
-40858
29628
-18386
38287
-81988
43518
-96968
19690
56045
29224
557
-48027
-44416
-35897
-80887
50498
81889
-46269
-13408
50293
-17175
-54408
-33675
-67244
-87174
-35957
-93357
-17498
-37941
7297
-90774
86167
-47754
15264
27177
70350
62708
24258
20660
-14770
-88705
38300
96601
76708
-44594
-59144
-492
-58989
81571
-12771
737
20031
-1928
-1095
-3788
-94683
-10809
-17395
-60922
-51362
-62270
-21292
65329
68604
-43529
58241
41727
-80730
35480
-47103
96708
69321
-86858
-47771
21143
35785
11541
28876
-34909
38979
-35356
58025
15322
393
21281
87210
91996
83399
44572
3356
-64576
-93425
33610
31679
76286
-11194
87908
-22047
99334
-30855
89266
69561
-81324
-74521
82814
-48877
49924
-1770
35960
-17526
37764
-51017
-90780
-49517
-32664
72775
9202
-96706
-42150
49500
-42896
83968
-84832
-55077
-46888
29218
71301
94594
-57918
-13684
-18170
-15439
-55457
-94298
-50508
63918
-92569
58888
-27560
-87957
-92049
73612
-36924
-60913
-21089
80022
-88824
-97431
836
97371
-28948
58659
-69979
80544
-995
-82403
-88591
-21077
-60613
-21582
-13109
7506
-49707
54037
10672
23591
98058
9672
-76338
4041
-38049
27812
-47653
-65632
83175
-43282
-6112
-55522
59200
65731
-20769
-23632
76423
21880
33462
-8006
-59121
-26923
69966
-66875
-46322
-25963
-47343
34808
-30586
44396
-9658
-21312
29237
24655
-24582
-77741
-73976
-12212
-35225
69098
80868
14463
-87553
-85509
-20991
48679
-84904
10975
-32085
88486
61773
17867
-4610
47218
69046
17344
27598
-56671
57503
64621
3895
37717
57698
-85311
-16923
-64039
14649
-18007
-24731
41046
17157
61632
45571
-89693
68828
-1589
-30613
98177
-28722
969
-82601
86520
39831
-26125
-6378
2916
53734
37410
-81321
-847
96831
12046
-15723
32375
49878
96994
-57381
-21752
-34925
11040
-47084
3647
14386
29473
21869
-10415
-75675
10798
36052
33848
22472
61443
39300
-39647
-63683
-80112
31839
-36907
-12238
66793
-37004
-94140
10343
86019
50294
-77360
5718
-22491
68878
92067
95043
66782
60498
-67366
-68006
67758
96849
-52809
-78955
-4924
82681
-68930
-58700
788
56019
-36130
4265
50437
74439
8558
14742
-95014
92363
-99102
28118
-99959
62183
-19989
18337
-37186
77505
57894
49868
70353
95476
12513
79503
-37195
36923
5608
76795
26271
-72958
5332
-74767
87422
-85072
-8593
28224
57640
99008
-85470
-55796
-67324
-81949
-64545
-51599
65612
-32462
-85560
68136
-91828
-87271
-80987
-74034
80533
1724
-33625
-54456
52271
65697
-47032
-665
-91933
-28939
23722
90145
-74592
71389
9617
90076
-62207
28107
-80079
38291
24463
-64726
-83859
87418
-52909
-86477
11776
-29077
-40370
-83412
5243
-33259
-47503
46397
20941
12033
97405
-16730
-4085
-91254
-46656
14978
66564
-19982
82595
27504
-79119
16375
-40199
36969
-57505
55697
67399
28141
-20211
51410
71888
-34730
-18189
-14860
-44854
49899
42354
53473
-38361
-16808
47398
41494
61713
16168
-21581
-80087
77061
-3755
86945
-69425
-83630
85482
-52593
36479
-26340
-56988
93951
-82187
7939
75079
48208
23803
71300
43955
-58291
-9873
51150
-51866
59013
-50838
-16443
-50385
78136
86611
71487
-51422
17518
85277
99241
-73401
-57426
16109
80288
70523
84152
-84507
71687
32553
-68710
-46673
42358
-73853
87045
-33659
-21120
1037
64145
791
-38983
-10912
-54986
-45582
65581
-77877
5487
91383
31308
-33557
41263
63252
79770
90478
97581
21525
79359
-89085
-26393
-67007
82609
35682
-85045
-54523
51507
13436
-74016
89571
6896
1452
25367
97244
76067
-44610
36106
-20317
60248
-87837
65184
33038
-73819
-45141
2493
-97374
5358
-44760
-38115
84248
-36067
99637
-23334
17576
-4093
93779
-9209
96022
-76990
-78994
-82896
21360
-13400
33034
-86830
-50877
74211
23803
-3428
-45602
-79029
3585
72496
-66252
-44758
18513
459
76586
-53333
-73047
-37462
-22903
-11515
-96488
97082
-90501
20045
-98971
-58083
76176
-95087
98413
44208
2453
-10742
-53982
-56591
-62265
64245
30397
57965
62686
34656
4450
14054
-14701
68323
-32040
-92396
-94504
-67759
21588
-74117
22222
10894
-26636
95606
94881
-34968
-92230
-77386
-32023
-26285
-5140
-53136
89300
76245
65216
-1005
-819
-20994
-89941
63470
-68326
-69465
-89425
-39253
-40325
-38460
-6810
-18023
99819
-55066
-45002
-54823
47976
-2084
-35517
-98035
-59518
18324
-11593
68261
74716
49470
26610
-15781
-15255
98617
-59244
-27363
2032
55047
-63602
62543
-65585
-12021
-84422
37329
52679
-16650
62329
103
-15930
-37952
70420
-20140
31555
-21198
-6613
43236
-48575
-25592
60797
-15103
-64450
89785
31333
80853
-24571
-27277
33767
71368
-42453
-18467
39990
-51217
-79965
-31799
-82644
-9921
57438
94769
45691
-89669
-10237
97903
33730
23220
59135
7763
67743
5445
6077
59441
-36361
-24597
44372
25036
-49765
-18777
19868
-11590
94021
6573
-15963
-39719
76863
-69665
-87127
-60348
-91783
12122
15535
99483
43513
-98785
-77643
84700
26044
58810
72233
477
-27186
-75672
5009
-92956
-66607
-16226
1194
-75194
7212
-6011
-68564
-86901
-16096
23156
-78978
17257
81546
40334
-3432
-71753
-68865
58417
92356
-9524
69042
70342
88662
62673
-45435
78858
-86183
-81607
31114
50669
-82332
-51858
21078
56481
-48480
29198
-35948
4965
-20850
-10101
32780
84829
-86192
-44966
83085
47494
-94994
-86169
35238
-25752
37143
29388
47463
-95016
50415
98391
58700
59501
84527
-79522
20497
57596
28121
-43507
42257
73761
-9019
13444
64076
-867
83250
95916
68078
27899
-64055
-85523
-13547
-70882
24579
-72410
-56276
23060
-22939
45424
13880
-59772
18143
-86283
-33998
41349
-75783
-78008
-87454
-99235
20870
26305
78641
-14391
-45716
65262
-4493
-81681
-81029
-37806
-29175
-59065
-53837
15877
23389
-24946
-50058
82874
23852
90157
31479
-26539
-6447
45588
86785
47917
-80794
-97543
84686
71276
3450
-79497
-41019
46497
83762
-46529
85793
-43498
25956
-98450
56758
66048
-54618
-90791
-36966
61344
-39562
28659
-6694
8435
-2940
-26752
40740
77374
17191
77876
85816
90778
74926
-38171
-10773
-60915
-76861
-58702
-94877
-29220
-36913
26382
55954
47474
14813
23630
92040
-38549
-27884
73664
34351
77445
-68175
2102
-77919
33582
-77358
60239
-6170
4705
-90090
-34120
91075
14169
-70232
8526
19104
-77169
-35847
-34300
46136
12860
94707
-60981
-59894
74117
54033
-9945
-36772
-7210
26425
-84041
89383
14838
-26286
48519
46067
34794
581
-95468
-82705
-61379
22667
-61248
-85388
-84901
-7564
-61628
-54478
23623
38051
68088
-40599
-47695
29042
54672
-26609
-79915
-96210
82377
-94136
10592
34052
-69215
-90900
-7444
-67553
57033
-29528
-17360
88819
-82321
44473
75678
22658
26520
43230
1616
36027
-18000
96699
-22116
5358
-54732
31466
76160
-87501
-41239
5096
-40828
31117
-32098
72712
22264
88556
60572
42009
35650
-34285
-12144
64874
72566
6818
-62443
-67709
-64576
74409
-36772
43737
78757
-97737
14420
-15995
-91712
-64017
73789
-47717
-60969
93097
65652
-7481
96521
86753
-20398
-32615
74439
-88603
5721
14938
32788
-10302
54575
13650
99376
-51513
-20684
-93120
-20987
-34033
-32451
-91649
44582
-26971
15037
40791
-2921
-34838
27161
85503
-71386
16417
26881
86012
71095
52593
-60051
17408
29717
-28516
-23289
-52868
19156
89807
29980
-74944
80096
-50785
6250
41336
-36148
23945
-41399
-25030
21446
38140
-68781
93541
68569
-98733
-251
45113
46944
-64903
-50505
-54682
27989
25984
30402
84480
-17053
-67218
-95359
41690
-52336
70437
4778
24386
21641
-8823
52560
-27088
-54562
-70121
29344
4083
-98732
-57097
83654
71790
-60819
-34585
33511
96631
32365
2660
-6961
66020
82524
-99193
-5714
15564
-27199
-12755
-24598
77073
-23774
-25907
51404
35151
84637
55239
-99284
-46489
74571
90613
-71143
93473
-92954
-7489
60133
-37161
61346
-44926
-92477
43173
19699
-56937
3703
95362
56973
54113
89688
36722
-65743
-1382
-63322
13561
-54594
-91377
20678
41452
-914
22981
14934
16333
78720
78932
-25964
55138
-16942
-30582
29350
-40388
41517
-77457
-35870
-13069
-26597
75948
75158
53074
2018
5933
-29578
-47756
-95666
67824
80371
-55955
-45093
46531
-86636
237
-91302
57889
81990
33018
31756
45543
39830
-74261
36477
-62425
80321
74562
-62646
52010
-33478
-39603
-78073
33817
75350
89661
13836
75207
-46027
-82702
16969
32008
38432
28424
43887
13952
14564
-64858
68833
85207
78608
95676
95107
47327
-63499
63721
33276
-35581
37300
43311
81498
22218
-83292
-85246
-14516
78909
17899
4460
-35255
4345
85654
72248
36435
-86956
94834
47995
60079
54430
-96506
-99950
43291
26838
-12674
-81939
-40615
-75987
11814
-86480
-46231
-36429
71524
68700
59254
-61053
-51075
64691
48358
96769
-63376
-22552
19068
93563
5146
-32181
-28651
58063
-26204
-59066
3383
77843
-82527
-27823
11679
-1555
64605
20260
-87821
-44839
-66174
-18447
33739
-10119
-79420
-70244
2269
-78173
41813
26098
-88127
-83015
64323
56071
-39463
209
70235
33320
97554
-66072
58907
63968
-27455
-57861
57772
-64080
-58127
85024
24929
4288
-94616
71682
-65632
82922
30728
-20810
-62893
-74415
-62414
34151
29027
1481
75026
-12275
40818
-78350
5910
-39666
-65970
30779
-32277
84103
32885
64622
-6855
-10404
-5693
49634
98657
85514
-84015
37958
3870
75692
-6552
21252
-25705
6363
-71184
55314
82354
-8492
-89596
62613
-89
-21115
-61878
-5855
-34452
-49600
99575
67684
52980
15317
47800
-1211
-65628
26486
-11865
-49283
22971
10110
-13029
-69236
-37810
-7626
15500
-88327
-65593
220
14105
-53261
74204
89384
-88231
-47320
52127
95124
30324
-27281
4393
27429
-30020
-3857
42349
56448
17778
-99956
-77921
-2634
-56733
-99446
18274
87472
81505
54109
4545
66367
43365
46472
-91109
-70432
-56555
-69483
59225
-71771
-75460
28942
85927
50808
-99149
-65837
-15511
20659
-15527
-16763
-91697
41136
-24384
-16990
9601
97506
53604
94722
-78158
34038
97928
2951
74774
-39150
59048
4738
53849
-42099
-32850
443
3494
7990
63853
-64330
23390
-32944
-66884
-32458
-70050
-11425
31219
-29652
-62405
-86763
-295
-12214
8184
-30605
64307
-88517
-54307
-12418
5669
-89474
-73925
11287
-95829
64386
-56488
6478
755
-53033
80231
59580
28386
3378
-73469
-38507
-63820
6512
70388
78345
-55895
76162
-50684
4977
48934
-90248
-45722
57398
-94456
-5611
98325
-24451
-69637
62668
78415
1283
29132
11748
-61315
-2314
45489
81897
62526
37858
48015
47302
34554
40010
-11777
70209
-13530
84087
-17683
-78967
-17818
74104
46015
-31403
-64352
90511
-10965
-4346
-88814
92544
-64990
17452
89973
92732
44276
14880
-55448
79942
-53357
41735
-41563
-52462
-4783
18221
-28006
51183
30240
-18414
64648
53767
-36337
-95705
-90832
95505
76466
-77935
22380
-20137
36715
22347
-63535
72768
-61514
87131
9165
12075
-21776
93896
539
-17241
-32209
43707
97436
-24888
-55347
-91146
-2973
73956
52452
-24618
29087
74539
39126
88998
90522
-84271
-32222
-68949
37895
-43773
-36777
-94788
11151
44533
52422
82476
61159
38047
-39759
26298
-50998
32439
84384
-83025
-97010
-40046
-41127
32126
-97274
71662
81606
38548
42879
-77140
-79275
-43050
90346
-84243
-61102
-55412
-4876
-37920
-40085
82354
90941
15976
-61961
70697
26831
-8355
79901
-59381
-62930
-46107
63918
-94271
34358
3984
83776
44245
-72916
-75038
86556
4831
49803
98228
-28644
52908
61131
98274
97442
78082
-38222
58877
-14374
55588
85336
-4350
-22371
16170
89667
97212
79674
49624
38429
24150
-48727
-34704
57812
-9173
23619
35186
-38075
59796
-98392
66341
44773
-72595
-27634
-43454
-89428
-79488
-43529
77697
-62102
-52985
55341
-38948
-32369
-7454
24178
7357
16028
43302
-82133
54851
80660
87200
-73217
9893
54011
43522
-99647
80220
-95750
93507
-96477
37702
-6648
-28969
73215
-10670
-6863
80247
24345
56227
-66429
34384
-86787
-70866
94161
-93229
86424
66418
-1794
-57277
78540
-69480
75842
63646
-62860
54244
-9302
-8039
-82645
-59224
12435
-71952
-15369
51380
69668
-78044
38876
89715
-79296
-29914
96203
43932
83814
22869
57063
-43922
-15900
-84672
-84268
-43027
-3954
-10307
-23294
51879
13115
-27414
85013
-89324
-27188
-40833
42926
-11491
35104
-38259
40309
15187
-32525
58128
42249
-88989
-64173
89302
-60858
-93112
54449
-85152
78149
-85406
-76498
33535
-74457
59507
75364
79988
92513
-13517
-28121
87791
-12396
-22263
-54274
-73625
-12869
33647
-16593
-71447
44440
15404
-63757
96990
35019
12095
-39081
-53278
-47450
-55208
86910
-47318
96487
68005
-93000
47113
-9511
91365
37834
-98757
-21179
77337
-66639
54425
-11086
21697
83208
61844
-8808
-91663
18796
158
67379
65936
99346
-63785
-6656
-11782
-86784
17346
-85984
-67649
29799
88579
-15320
-14522
5258
58995
4895
23293
23663
-23289
-38276
-48176
-77922
-22087
39935
17512
50015
16368
46179
34704
38437
-8977
72703
-594
-996
-43146
-61230
-35576
99388
-93167
-14119
43714
-26678
-64987
46215
78684
-91440
-84293
6151
-20945
59878
79828
52735
74763
-57652
85123
55732
-55392
37968
72990
-9905
-40156
-71510
-68501
-54327
72745
-71088
-22601
-65193
46214
-46524
52223
44680
29235
-52654
10705
-47867
-35942
84028
-42126
4893
50142
-5560
-35394
59479
-70876
99272
24926
16924
30298
3568
55357
36571
7415
-37870
-75023
4256
32506
40869
32308
1016
93082
35872
56102
-50436
-64195
-36760
-20322
51081
-83844
-31095
-27061
-25480
55262
-63441
1445
42385
-72691
92937
-83326
-77075
-24894
-45557
-63516
93253
-5318
-78083
-8999
38265
41241
12993
92765
-4877
62444
16562
-80623
19232
51752
11535
-68278
35217
63109
-35162
-944
-55603
27880
45084
19766
44963
54535
33686
-54319
13605
91564
16512
46241
-27118
-21223
4138
2586
-19905
3021
-98711
-4560
-55078
-43290
-44775
16297
9085
41701
-84548
-84928
-22812
63054
82548
41972
95008
72166
-56122
13470
-58433
73908
65065
38510
22126
70025
60337
35128
-98228
-8179
84529
-54506
-22535
6026
-80452
68489
-91640
44752
65517
-22526
-3869
-8877
-54311
15132
68713
-79676
-64777
10565
78648
72938
-85528
30744
-73093
-59549
97680
-73194
87085
16158
-12101
75595
-31865
26625
83198
-9025
-34080
7167
88055
-67252
47391
28587
-66112
54
-52318
-55687
-59738
33597
47010
-45428
-11852
-10709
29687
43533
75943
-94012
43137
-25754
69936
-93632
85989
-21756
2086
-48228
-23790
-72700
-61115
22542
-27616
32234
92781
-46402
92626
53703
-31988
6028
-14192
-23162
-71211
-84
-25622
-49267
-47090
-86204
-39843
59063
-96262
-74012
-75788
17561
63422
-51146
86482
53304
-86728
-38499
-49826
-14644
-15891
31749
-90981
150
-64008
-44539
69774
26792
12519
-21861
33776
-74241
-32057
-63023
45106
-83438
3945
-90766
52103
-22493
56052
8528
-39706
3364
43394
10928
-74990
55800
26375
95061
-24168
-38490
3428
-11297
-28979
87288
56460
-56260
2340
25047
33089
-81265
-67070
-61983
-42433
-36350
1110
-79173
-34413
-29392
70737
-73122
46753
-39464
-91281
-73539
30664
-56924
52889
15238
24859
-30247
-86020
-6542
55219
35124
84635
-97808
23901
-45248
74142
18849
20160
-13509
-36294
52300
1257
45642
62885
-89891
-34282
-45778
14665
55287
-40742
-15741
-27406
36986
69569
36502
53054
49943
90735
-89672
-52767
-97000
57635
31143
38519
-32875
-31943
-13875
-95910
-49601
14123
-64207
-46563
-18406
47846
82935
-82247
-34534
29034
-98311
89986
92154
38229
-99496
48565
-96579
-60691
-97884
43381
21372
-5460
76909
-34838
31806
-45126
93921
-69388
68028
77515
19110
-37048
-13881
-43903
4571
78402
82037
37289
-89296
74597
54280
-59985
5815
70798
-86475
21498
1161
-87965
37964
-90780
94423
27394
-70293
-58933
96652
16926
-71381
1988
4908
-37293
-69394
-72177
54406
10948
98872
39296
55201
-83090
50105
-62454
37971
-58770
51839
-92530
-35154
12119
38023
87175
50097
-52787
78007
-2661
88112
68171
65555
-56694
35711
-45445
-81930
-81901
3391
-68246
70645
64043
-31721
-31682
62987
-83175
-59335
144
71576
-707
9422
61592
84024
-97320
20037
65954
33107
67206
91066
-63316
7608
-32636
-16216
-37199
67601
-73439
-70764
20168
-70250
-12314
17803
-14556
-838
79038
75414
-70828
84156
94652
-72915
11691
-97700
-14662
-38479
95318
-92547
-21041
68931
-46307
-56489
77996
29680
-44888
60933
88900
-47977
-69815
97376
-16733
-91454
98457
-60835
-96525
-22500
75701
-59418
87861
60060
-92984
28241
84438
-73933
-17825
-45880
24518
97020
51049
55265
-91431
-6680
-77291
26776
44162
43640
-30143
-93601
93547
-58454
48900
35142
-37025
17787
14486
23424
84517
-10178
30118
-540
16287
-70231
21848
-46652
-88958
92791
93295
-85744
-82750
-94215
-73834
-69199
72478
-57324
54888
96953
63426
82855
23117
46143
-3885
-89683
8454
38286
28830
-74540
-56960
44525
-59671
-56166
30365
-42917
-39816
33180
-72770
-96896
59758
-13460
75889
57316
-67848
17801
-26027
52935
-4830
-5371
69748
64532
-50130
-56595
-53327
-56180
-86779
-78398
-51885
-17510
77531
9856
-848
47395
-726
-61142
-36558
9372
23528
-69034
81248
-88184
-34614
-23499
-14627
39425
53459
-24772
28331
5268
31785
-23331
27684
24191
56030
-55484
55080
-21054
-78342
-51546
22278
-1835
-33779
-20737
57439
19624
90893
60069
10952
27855
-6135
-40792
62965
-86652
-19715
-55472
-61119
-38326
-281
10912
-83771
-50336
-19585
86338
41804
-95335
-23582
-58363
-24227
-32851
88816
62545
-2099
-22726
-19280
-92719
-42947
727
71899
51643
66162
13182
18495
39416
6414
-12349
-57469
-37030
29012
72658
-29382
96898
86790
-88716
81258
-65440
-43328
-28738
45367
-17699
-33174
5174
-95718
-74659
-73832
33560
-3568
-39514
-62264
9435
56638
50404
-72090
42549
39473
57615
18410
-53772
-44458
76510
-37597
19606
-14974
-64408
-5248
-58076
60137
-79988
9398
-53489
-97322
-38943
-21342
-533
-10556
43155
-63945
67214
14159
-16713
-27898
56029
19472
22126
7226
-88378
39475
85602
61025
-63860
-24143
-14791
-27960
45426
-87136
86519
-32279
-45885
-25779
15254
