-99959
-99956
-99956
-99950
-99884
-99873
-99808
-99806
-99798
-99784
-99779
-99719
-99697
-99647
-99642
-99578
-99577
-99551
-99520
-99505
-99504
-99500
-99499
-99496
-99473
-99446
-99441
-99383
-99359
-99348
-99336
-99334
-99295
-99291
-99284
-99263
-99255
-99250
-99249
-99235
-99198
-99193
-99189
-99149
-99144
-99143
-99115
-99105
-99103
-99102
-99085
-99071
-99047
-99044
-99024
-99014
-98971
-98940
-98924
-98918
-98914
-98912
-98901
-98900
-98867
-98866
-98854
-98843
-98825
-98785
-98762
-98761
-98757
-98757
-98746
-98736
-98733
-98732
-98718
-98711
-98679
-98649
-98625
-98625
-98582
-98548
-98545
-98538
-98526
-98509
-98493
-98484
-98450
-98450
-98447
-98421
-98392
-98371
-98370
-98353
-98351
-98311
-98251
-98228
-98199
-98193
-98176
-98175
-98154
-98075
-98035
-97920
-97884
-97862
-97862
-97808
-97762
-97761
-97737
-97712
-97711
-97711
-97705
-97700
-97672
-97653
-97597
-97591
-97577
-97556
-97543
-97491
-97485
-97466
-97448
-97431
-97411
-97394
-97376
-97374
-97357
-97322
-97320
-97306
-97282
-97274
-97270
-97191
-97185
-97157
-97153
-97133
-97104
-97084
-97056
-97041
-97013
-97010
-97000
-96968
-96896
-96827
-96810
-96747
-96718
-96706
-96647
-96632
-96630
-96620
-96579
-96561
-96525
-96521
-96511
-96506
-96491
-96488
-96477
-96447
-96429
-96371
-96291
-96281
-96264
-96262
-96259
-96234
-96213
-96212
-96210
-96179
-96148
-96099
-96063
-96055
-96044
-96011
-95952
-95929
-95920
-95910
-95862
-95829
-95823
-95790
-95750
-95718
-95705
-95693
-95668
-95666
-95640
-95567
-95566
-95523
-95468
-95402
-95364
-95359
-95348
-95336
-95335
-95327
-95206
-95200
-95149
-95141
-95140
-95122
-95087
-95036
-95016
-95016
-95014
-94994
-94989
-94972
-94877
-94872
-94838
-94810
-94788
-94771
-94683
-94654
-94638
-94631
-94616
-94610
-94602
-94596
-94554
-94523
-94505
-94504
-94463
-94456
-94437
-94426
-94414
-94389
-94375
-94317
-94313
-94298
-94271
-94255
-94253
-94220
-94219
-94215
-94195
-94169
-94140
-94136
-94120
-94100
-94084
-94074
-94068
-94012
-93982
-93952
-93905
-93860
-93853
-93846
-93833
-93789
-93770
-93764
-93761
-93702
-93672
-93667
-93632
-93601
-93570
-93525
-93490
-93465
-93461
-93447
-93425
-93398
-93369
-93357
-93305
-93284
-93265
-93264
-93251
-93229
-93214
-93201
-93197
-93169
-93167
-93157
-93140
-93120
-93112
-93091
-93083
-93050
-93000
-92992
-92987
-92984
-92964
-92956
-92954
-92947
-92929
-92928
-92916
-92884
-92882
-92845
-92834
-92832
-92772
-92770
-92758
-92757
-92746
-92719
-92681
-92625
-92598
-92590
-92584
-92570
-92569
-92547
-92530
-92495
-92477
-92473
-92452
-92447
-92405
-92404
-92396
-92390
-92301
-92284
-92230
-92191
-92188
-92130
-92049
-92024
-92019
-92013
-91970
-91961
-91949
-91933
-91905
-91828
-91811
-91787
-91783
-91712
-91697
-91695
-91663
-91649
-91646
-91640
-91607
-91570
-91523
-91465
-91454
-91440
-91431
-91426
-91377
-91362
-91358
-91350
-91302
-91296
-91282
-91281
-91259
-91254
-91228
-91228
-91224
-91224
-91213
-91194
-91146
-91109
-91090
-91071
-91012
-90981
-90958
-90957
-90920
-90909
-90900
-90891
-90866
-90837
-90837
-90832
-90809
-90809
-90796
-90791
-90780
-90780
-90774
-90766
-90729
-90715
-90705
-90697
-90690
-90673
-90670
-90649
-90640
-90616
-90615
-90579
-90567
-90501
-90468
-90459
-90439
-90424
-90422
-90371
-90337
-90335
-90328
-90288
-90287
-90252
-90248
-90206
-90180
-90155
-90129
-90128
-90127
-90125
-90102
-90090
-90069
-90008
-89942
-89941
-89927
-89920
-89919
-89891
-89872
-89867
-89852
-89797
-89752
-89733
-89702
-89693
-89683
-89672
-89669
-89659
-89655
-89636
-89632
-89605
-89596
-89584
-89516
-89474
-89445
-89428
-89425
-89398
-89397
-89324
-89320
-89296
-89296
-89285
-89233
-89230
-89218
-89217
-89198
-89130
-89109
-89085
-89070
-89063
-89029
-88989
-88974
-88963
-88958
-88897
-88893
-88883
-88874
-88824
-88814
-88762
-88730
-88729
-88716
-88711
-88705
-88694
-88687
-88675
-88667
-88655
-88622
-88612
-88603
-88599
-88591
-88576
-88533
-88517
-88515
-88498
-88455
-88378
-88366
-88344
-88330
-88327
-88307
-88296
-88287
-88237
-88231
-88206
-88195
-88187
-88184
-88180
-88156
-88127
-88127
-88084
-88052
-88007
-88000
-87982
-87965
-87964
-87957
-87944
-87936
-87927
-87902
-87876
-87852
-87837
-87821
-87747
-87736
-87723
-87688
-87677
-87553
-87522
-87501
-87484
-87475
-87454
-87451
-87411
-87396
-87368
-87368
-87347
-87338
-87336
-87300
-87271
-87250
-87237
-87187
-87178
-87177
-87174
-87171
-87137
-87136
-87127
-87095
-87070
-87067
-87046
-87035
-87016
-87014
-86956
-86952
-86951
-86905
-86901
-86894
-86863
-86858
-86857
-86849
-86830
-86800
-86799
-86791
-86787
-86784
-86782
-86779
-86773
-86769
-86763
-86728
-86652
-86644
-86636
-86630
-86588
-86571
-86566
-86527
-86523
-86484
-86480
-86477
-86475
-86409
-86385
-86369
-86348
-86306
-86301
-86291
-86283
-86265
-86232
-86226
-86204
-86192
-86183
-86169
-86165
-86124
-86120
-86090
-86021
-86020
-86020
-86007
-85984
-85968
-85951
-85938
-85932
-85904
-85898
-85862
-85856
-85855
-85846
-85845
-85814
-85799
-85777
-85763
-85744
-85743
-85742
-85581
-85560
-85528
-85528
-85523
-85509
-85475
-85470
-85441
-85406
-85405
-85388
-85367
-85363
-85347
-85311
-85247
-85246
-85188
-85182
-85163
-85154
-85152
-85118
-85105
-85098
-85072
-85045
-85040
-85011
-84985
-84928
-84904
-84901
-84885
-84855
-84840
-84832
-84831
-84808
-84794
-84773
-84773
-84690
-84672
-84646
-84600
-84582
-84568
-84568
-84550
-84548
-84509
-84507
-84506
-84501
-84499
-84497
-84455
-84422
-84324
-84308
-84293
-84271
-84268
-84243
-84168
-84167
-84153
-84150
-84095
-84085
-84041
-84015
-84008
-83936
-83913
-83859
-83844
-83833
-83801
-83795
-83771
-83765
-83727
-83665
-83630
-83627
-83588
-83563
-83561
-83561
-83514
-83452
-83444
-83438
-83435
-83422
-83412
-83393
-83353
-83343
-83342
-83327
-83326
-83310
-83293
-83292
-83235
-83231
-83224
-83217
-83180
-83175
-83161
-83160
-83155
-83115
-83102
-83094
-83090
-83082
-83079
-83049
-83025
-83015
-82968
-82926
-82896
-82848
-82823
-82804
-82783
-82750
-82747
-82743
-82718
-82705
-82703
-82702
-82677
-82648
-82645
-82644
-82601
-82595
-82585
-82527
-82476
-82464
-82426
-82403
-82402
-82383
-82381
-82346
-82332
-82321
-82284
-82247
-82187
-82185
-82182
-82171
-82133
-82103
-82100
-82086
-82059
-82055
-82046
-82042
-82032
-82016
-82009
-81994
-81988
-81981
-81965
-81963
-81949
-81939
-81930
-81901
-81884
-81820
-81763
-81718
-81704
-81681
-81607
-81539
-81539
-81524
-81488
-81458
-81357
-81351
-81324
-81321
-81320
-81265
-81161
-81144
-81143
-81138
-81136
-81029
-81018
-81008
-80992
-80987
-80965
-80959
-80947
-80924
-80892
-80887
-80882
-80879
-80835
-80832
-80817
-80794
-80757
-80730
-80727
-80682
-80681
-80670
-80626
-80623
-80604
-80599
-80599
-80583
-80577
-80553
-80549
-80547
-80473
-80452
-80451
-80439
-80436
-80428
-80420
-80397
-80349
-80289
-80285
-80275
-80188
-80157
-80112
-80111
-80087
-80086
-80079
-80075
-80074
-80058
-80038
-80033
-80031
-79992
-79988
-79984
-79965
-79937
-79936
-79915
-79914
-79907
-79869
-79861
-79839
-79809
-79808
-79799
-79798
-79760
-79758
-79742
-79727
-79676
-79609
-79522
-79500
-79497
-79488
-79480
-79474
-79473
-79469
-79420
-79393
-79343
-79341
-79322
-79296
-79292
-79290
-79279
-79275
-79242
-79229
-79214
-79214
-79173
-79169
-79126
-79119
-79111
-79079
-79054
-79037
-79032
-79029
-79014
-78994
-78978
-78967
-78962
-78955
-78945
-78919
-78895
-78840
-78802
-78799
-78784
-78682
-78676
-78674
-78656
-78559
-78541
-78524
-78484
-78398
-78387
-78350
-78342
-78329
-78283
-78230
-78173
-78172
-78158
-78083
-78077
-78073
-78058
-78044
-78039
-78013
-78012
-78008
-78000
-77991
-77976
-77976
-77968
-77965
-77958
-77951
-77936
-77935
-77922
-77921
-77919
-77916
-77886
-77877
-77865
-77858
-77836
-77767
-77759
-77743
-77741
-77672
-77643
-77630
-77587
-77579
-77486
-77477
-77457
-77432
-77426
-77386
-77379
-77366
-77360
-77358
-77337
-77291
-77278
-77278
-77253
-77236
-77222
-77179
-77176
-77169
-77140
-77088
-77075
-77070
-77045
-77034
-77008
-76990
-76979
-76924
-76866
-76861
-76820
-76820
-76772
-76767
-76748
-76731
-76699
-76620
-76605
-76589
-76567
-76556
-76549
-76498
-76480
-76467
-76453
-76424
-76414
-76384
-76378
-76378
-76360
-76338
-76337
-76232
-76224
-76179
-76171
-76166
-76161
-76116
-76106
-76102
-76034
-76005
-76000
-75987
-75987
-75947
-75936
-75934
-75805
-75799
-75788
-75783
-75765
-75714
-75698
-75675
-75672
-75650
-75589
-75516
-75494
-75460
-75450
-75412
-75341
-75326
-75194
-75194
-75191
-75177
-75135
-75082
-75071
-75059
-75038
-75023
-74990
-74978
-74975
-74970
-74944
-74906
-74895
-74807
-74767
-74761
-74751
-74750
-74742
-74711
-74703
-74681
-74659
-74600
-74592
-74589
-74576
-74556
-74540
-74529
-74521
-74461
-74457
-74457
-74415
-74407
-74401
-74388
-74350
-74317
-74311
-74296
-74292
-74264
-74261
-74258
-74244
-74241
-74236
-74117
-74089
-74083
-74074
-74073
-74034
-74025
-74016
-74012
-73976
-73970
-73965
-73962
-73933
-73925
-73918
-73918
-73876
-73871
-73853
-73849
-73834
-73833
-73832
-73823
-73819
-73764
-73761
-73743
-73720
-73705
-73699
-73699
-73697
-73689
-73679
-73660
-73625
-73611
-73607
-73559
-73539
-73494
-73491
-73470
-73469
-73448
-73439
-73401
-73381
-73370
-73333
-73332
-73286
-73245
-73217
-73206
-73205
-73194
-73130
-73122
-73093
-73092
-73073
-73047
-73029
-72982
-72958
-72916
-72915
-72890
-72800
-72770
-72757
-72754
-72742
-72714
-72700
-72691
-72665
-72658
-72637
-72627
-72613
-72595
-72583
-72568
-72549
-72544
-72541
-72531
-72531
-72523
-72523
-72510
-72431
-72421
-72410
-72395
-72391
-72323
-72316
-72315
-72297
-72268
-72246
-72239
-72202
-72177
-72166
-72159
-72115
-72090
-72018
-72009
-71963
-71952
-71889
-71883
-71771
-71753
-71724
-71693
-71650
-71639
-71619
-71585
-71576
-71529
-71511
-71510
-71483
-71478
-71475
-71467
-71447
-71447
-71420
-71386
-71381
-71372
-71369
-71354
-71349
-71299
-71295
-71279
-71278
-71270
-71261
-71212
-71211
-71186
-71184
-71183
-71162
-71159
-71146
-71143
-71120
-71097
-71092
-71088
-71050
-71029
-70972
-70940
-70928
-70924
-70915
-70887
-70882
-70878
-70876
-70870
-70867
-70866
-70828
-70790
-70764
-70763
-70755
-70739
-70727
-70672
-70648
-70627
-70579
-70529
-70515
-70510
-70472
-70461
-70455
-70441
-70436
-70432
-70396
-70387
-70379
-70345
-70344
-70331
-70293
-70250
-70244
-70232
-70231
-70193
-70153
-70147
-70121
-70119
-70056
-70052
-70050
-70047
-70036
-70027
-69979
-69958
-69932
-69918
-69818
-69815
-69807
-69804
-69796
-69792
-69783
-69748
-69748
-69687
-69675
-69665
-69651
-69642
-69637
-69555
-69497
-69483
-69480
-69465
-69425
-69424
-69419
-69411
-69394
-69388
-69354
-69348
-69326
-69304
-69247
-69236
-69233
-69232
-69230
-69229
-69228
-69221
-69215
-69199
-69174
-69167
-69100
-69098
-69053
-69034
-68962
-68949
-68930
-68880
-68879
-68865
-68825
-68809
-68791
-68781
-68773
-68742
-68735
-68726
-68710
-68683
-68670
-68665
-68661
-68656
-68626
-68581
-68564
-68534
-68501
-68464
-68442
-68428
-68413
-68376
-68326
-68296
-68278
-68248
-68246
-68240
-68213
-68203
-68191
-68187
-68186
-68176
-68175
-68124
-68124
-68075
-68061
-68055
-68051
-68046
-68037
-68006
-67946
-67933
-67932
-67848
-67835
-67818
-67759
-67739
-67709
-67689
-67676
-67667
-67649
-67626
-67605
-67583
-67581
-67553
-67497
-67440
-67378
-67376
-67366
-67341
-67334
-67324
-67324
-67274
-67252
-67244
-67218
-67218
-67214
-67203
-67190
-67171
-67129
-67128
-67070
-67070
-67032
-67023
-67007
-66940
-66934
-66932
-66912
-66894
-66884
-66875
-66851
-66785
-66750
-66745
-66719
-66686
-66639
-66629
-66607
-66596
-66588
-66557
-66455
-66429
-66423
-66409
-66404
-66365
-66358
-66341
-66317
-66287
-66285
-66266
-66252
-66251
-66230
-66230
-66221
-66211
-66191
-66176
-66174
-66112
-66088
-66072
-66055
-66026
-65970
-65963
-65962
-65962
-65959
-65945
-65937
-65937
-65893
-65891
-65846
-65837
-65830
-65818
-65785
-65743
-65733
-65682
-65632
-65632
-65632
-65628
-65627
-65622
-65593
-65590
-65588
-65585
-65579
-65577
-65541
-65443
-65440
-65435
-65433
-65424
-65389
-65287
-65265
-65217
-65194
-65193
-65183
-65130
-65127
-65125
-65117
-65078
-65077
-65009
-64994
-64990
-64987
-64972
-64971
-64958
-64935
-64932
-64920
-64908
-64905
-64903
-64900
-64873
-64858
-64856
-64850
-64816
-64816
-64784
-64777
-64768
-64757
-64748
-64726
-64673
-64651
-64617
-64594
-64576
-64576
-64562
-64545
-64512
-64486
-64485
-64450
-64422
-64408
-64365
-64352
-64330
-64299
-64282
-64250
-64244
-64232
-64215
-64207
-64195
-64195
-64180
-64175
-64173
-64172
-64164
-64142
-64120
-64113
-64080
-64064
-64055
-64039
-64031
-64019
-64017
-64008
-63956
-63945
-63899
-63894
-63879
-63876
-63870
-63860
-63841
-63838
-63820
-63806
-63805
-63785
-63757
-63750
-63741
-63741
-63683
-63672
-63653
-63651
-63602
-63584
-63553
-63535
-63516
-63502
-63499
-63441
-63417
-63376
-63369
-63360
-63351
-63322
-63316
-63282
-63254
-63193
-63165
-63143
-63138
-63057
-63052
-63023
-63006
-62984
-62983
-62969
-62934
-62930
-62898
-62897
-62893
-62867
-62860
-62819
-62818
-62800
-62786
-62687
-62646
-62633
-62585
-62562
-62503
-62454
-62443
-62438
-62428
-62425
-62423
-62414
-62405
-62399
-62377
-62360
-62315
-62285
-62285
-62270
-62265
-62264
-62207
-62207
-62183
-62104
-62102
-62100
-61983
-61982
-61961
-61945
-61878
-61860
-61860
-61854
-61816
-61802
-61754
-61746
-61725
-61721
-61713
-61712
-61634
-61630
-61628
-61607
-61555
-61522
-61514
-61513
-61476
-61475
-61474
-61423
-61405
-61403
-61387
-61379
-61320
-61315
-61307
-61297
-61248
-61236
-61230
-61192
-61189
-61153
-61152
-61142
-61119
-61115
-61112
-61102
-61053
-61041
-61013
-60981
-60979
-60969
-60922
-60915
-60913
-60910
-60877
-60860
-60858
-60838
-60835
-60821
-60819
-60806
-60774
-60732
-60715
-60691
-60674
-60663
-60644
-60613
-60580
-60517
-60514
-60480
-60443
-60403
-60390
-60348
-60321
-60276
-60247
-60240
-60229
-60174
-60165
-60147
-60130
-60129
-60051
-60051
-60047
-59999
-59985
-59970
-59963
-59934
-59906
-59905
-59894
-59883
-59796
-59772
-59763
-59738
-59730
-59671
-59646
-59614
-59592
-59588
-59587
-59587
-59586
-59577
-59569
-59549
-59520
-59518
-59489
-59422
-59420
-59418
-59403
-59381
-59366
-59361
-59335
-59323
-59278
-59278
-59259
-59255
-59253
-59247
-59244
-59233
-59224
-59207
-59197
-59180
-59174
-59157
-59147
-59144
-59140
-59121
-59090
-59066
-59065
-59033
-58989
-58937
-58933
-58925
-58877
-58853
-58852
-58845
-58830
-58770
-58759
-58755
-58745
-58705
-58702
-58700
-58693
-58673
-58669
-58611
-58574
-58563
-58513
-58498
-58454
-58446
-58433
-58364
-58363
-58358
-58356
-58342
-58291
-58252
-58244
-58200
-58189
-58171
-58135
-58127
-58124
-58108
-58083
-58076
-58075
-57993
-57987
-57985
-57959
-57941
-57918
-57907
-57877
-57864
-57861
-57855
-57814
-57805
-57796
-57776
-57763
-57747
-57728
-57690
-57668
-57652
-57615
-57608
-57539
-57535
-57523
-57522
-57505
-57484
-57469
-57461
-57426
-57409
-57381
-57372
-57355
-57332
-57324
-57320
-57304
-57277
-57268
-57241
-57221
-57188
-57097
-57095
-57077
-57067
-57050
-57050
-57038
-57021
-57006
-56998
-56988
-56970
-56960
-56937
-56934
-56928
-56924
-56923
-56917
-56911
-56837
-56820
-56819
-56799
-56742
-56733
-56708
-56694
-56671
-56670
-56643
-56595
-56594
-56591
-56568
-56566
-56555
-56512
-56496
-56491
-56489
-56488
-56476
-56428
-56365
-56345
-56338
-56308
-56298
-56297
-56293
-56276
-56260
-56247
-56225
-56220
-56210
-56205
-56203
-56180
-56166
-56166
-56163
-56136
-56129
-56122
-56113
-56101
-56093
-56087
-56081
-56072
-56059
-56036
-56029
-55996
-55972
-55955
-55955
-55895
-55850
-55835
-55824
-55796
-55794
-55775
-55753
-55739
-55711
-55699
-55687
-55686
-55685
-55678
-55670
-55650
-55603
-55566
-55522
-55500
-55484
-55472
-55457
-55454
-55448
-55443
-55412
-55392
-55390
-55370
-55347
-55339
-55271
-55248
-55240
-55224
-55215
-55208
-55188
-55187
-55145
-55140
-55112
-55111
-55101
-55078
-55077
-55069
-55066
-54998
-54986
-54920
-54823
-54816
-54799
-54792
-54768
-54732
-54708
-54700
-54682
-54650
-54635
-54632
-54632
-54618
-54594
-54581
-54574
-54562
-54523
-54506
-54478
-54465
-54465
-54456
-54440
-54411
-54408
-54378
-54356
-54336
-54335
-54327
-54320
-54319
-54311
-54307
-54274
-54273
-54266
-54258
-54237
-54208
-54186
-54163
-54087
-54048
-53982
-53930
-53927
-53837
-53832
-53809
-53797
-53772
-53733
-53730
-53724
-53723
-53720
-53707
-53679
-53672
-53630
-53630
-53619
-53605
-53491
-53489
-53478
-53477
-53411
-53382
-53357
-53333
-53327
-53295
-53278
-53273
-53261
-53239
-53234
-53180
-53163
-53138
-53136
-53100
-53033
-53022
-52985
-52909
-52904
-52874
-52868
-52809
-52787
-52767
-52740
-52723
-52716
-52692
-52679
-52654
-52628
-52618
-52616
-52612
-52598
-52593
-52589
-52533
-52505
-52462
-52438
-52396
-52396
-52351
-52336
-52318
-52291
-52220
-52203
-52152
-52097
-52078
-52078
-52075
-52052
-52050
-51996
-51987
-51963
-51934
-51893
-51887
-51885
-51870
-51866
-51858
-51778
-51712
-51677
-51642
-51601
-51599
-51546
-51527
-51513
-51422
-51381
-51372
-51362
-51318
-51286
-51238
-51217
-51161
-51146
-51135
-51102
-51097
-51075
-51017
-51007
-50998
-50961
-50928
-50906
-50897
-50895
-50877
-50871
-50861
-50846
-50838
-50800
-50795
-50785
-50746
-50719
-50684
-50642
-50618
-50548
-50508
-50505
-50436
-50409
-50385
-50380
-50370
-50349
-50336
-50333
-50325
-50311
-50302
-50279
-50263
-50248
-50246
-50225
-50209
-50142
-50130
-50058
-50052
-50037
-50011
-49999
-49936
-49887
-49876
-49875
-49826
-49818
-49765
-49764
-49739
-49738
-49735
-49731
-49728
-49717
-49707
-49652
-49629
-49602
-49601
-49600
-49597
-49593
-49517
-49458
-49429
-49414
-49382
-49376
-49364
-49360
-49302
-49299
-49283
-49283
-49267
-49192
-49187
-49175
-49175
-49150
-49119
-49099
-49083
-49056
-49041
-49038
-49032
-49030
-49027
-48951
-48884
-48877
-48831
-48746
-48727
-48703
-48701
-48678
-48674
-48666
-48659
-48648
-48637
-48581
-48575
-48570
-48492
-48487
-48480
-48467
-48460
-48437
-48436
-48374
-48364
-48354
-48323
-48232
-48228
-48176
-48109
-48097
-48049
-48048
-48027
-48015
-48009
-48002
-48000
-47977
-47958
-47907
-47867
-47848
-47846
-47821
-47814
-47771
-47764
-47756
-47754
-47731
-47717
-47703
-47695
-47675
-47664
-47653
-47609
-47602
-47599
-47521
-47503
-47490
-47485
-47468
-47460
-47450
-47404
-47389
-47380
-47359
-47354
-47350
-47343
-47336
-47330
-47320
-47318
-47306
-47305
-47286
-47264
-47249
-47216
-47184
-47138
-47111
-47107
-47103
-47094
-47090
-47084
-47076
-47061
-47049
-47033
-47032
-47032
-47001
-46985
-46977
-46928
-46888
-46878
-46872
-46868
-46844
-46827
-46817
-46815
-46772
-46763
-46737
-46717
-46702
-46684
-46673
-46672
-46670
-46656
-46652
-46627
-46623
-46604
-46591
-46568
-46563
-46534
-46529
-46524
-46516
-46489
-46480
-46478
-46456
-46436
-46422
-46416
-46411
-46402
-46389
-46374
-46368
-46367
-46325
-46324
-46322
-46307
-46269
-46268
-46255
-46231
-46150
-46107
-46056
-46027
-46027
-46015
-46009
-46000
-45973
-45972
-45885
-45880
-45858
-45845
-45833
-45811
-45778
-45776
-45773
-45738
-45722
-45716
-45669
-45665
-45629
-45608
-45602
-45582
-45575
-45557
-45533
-45529
-45515
-45503
-45499
-45495
-45494
-45458
-45445
-45435
-45428
-45397
-45389
-45377
-45348
-45339
-45334
-45332
-45325
-45248
-45248
-45174
-45160
-45151
-45141
-45134
-45126
-45119
-45115
-45093
-45072
-45056
-45056
-45040
-45002
-44966
-44926
-44922
-44904
-44900
-44888
-44854
-44846
-44839
-44835
-44827
-44814
-44807
-44775
-44760
-44758
-44738
-44701
-44679
-44653
-44631
-44615
-44611
-44610
-44596
-44594
-44575
-44539
-44496
-44458
-44439
-44425
-44416
-44347
-44330
-44324
-44304
-44291
-44288
-44264
-44258
-44246
-44225
-44158
-44072
-44069
-44051
-44040
-44040
-44034
-44017
-43982
-43981
-43976
-43951
-43947
-43922
-43903
-43856
-43836
-43835
-43816
-43779
-43773
-43763
-43751
-43743
-43732
-43724
-43666
-43632
-43629
-43600
-43596
-43561
-43529
-43529
-43519
-43507
-43498
-43486
-43454
-43381
-43353
-43328
-43314
-43290
-43282
-43248
-43193
-43192
-43163
-43146
-43144
-43136
-43105
-43102
-43098
-43087
-43070
-43064
-43050
-43049
-43043
-43027
-43001
-42947
-42932
-42927
-42917
-42896
-42884
-42881
-42862
-42834
-42798
-42797
-42740
-42724
-42702
-42653
-42650
-42630
-42567
-42562
-42515
-42512
-42506
-42490
-42480
-42453
-42452
-42433
-42406
-42360
-42321
-42319
-42305
-42260
-42243
-42217
-42158
-42150
-42145
-42145
-42126
-42108
-42099
-42058
-42037
-41988
-41955
-41948
-41920
-41899
-41862
-41830
-41753
-41749
-41746
-41732
-41730
-41728
-41728
-41686
-41653
-41624
-41611
-41563
-41541
-41506
-41498
-41491
-41480
-41477
-41444
-41429
-41425
-41399
-41397
-41385
-41380
-41329
-41251
-41239
-41238
-41232
-41199
-41181
-41127
-41097
-41095
-41083
-41033
-41019
-41018
-41016
-41013
-41010
-40992
-40989
-40979
-40963
-40916
-40897
-40876
-40858
-40838
-40833
-40828
-40820
-40815
-40815
-40805
-40792
-40742
-40737
-40723
-40701
-40694
-40651
-40628
-40626
-40615
-40606
-40599
-40560
-40547
-40537
-40525
-40493
-40480
-40438
-40399
-40388
-40388
-40370
-40366
-40353
-40325
-40300
-40281
-40246
-40199
-40162
-40156
-40146
-40134
-40125
-40111
-40085
-40065
-40052
-40048
-40046
-40011
-39966
-39936
-39932
-39905
-39873
-39843
-39816
-39759
-39719
-39706
-39679
-39666
-39647
-39629
-39610
-39608
-39603
-39562
-39514
-39510
-39508
-39497
-39485
-39474
-39464
-39463
-39435
-39403
-39374
-39366
-39361
-39341
-39337
-39253
-39150
-39127
-39096
-39081
-39076
-39058
-39057
-39023
-39017
-39004
-38995
-38983
-38976
-38972
-38948
-38943
-38914
-38904
-38890
-38849
-38827
-38823
-38817
-38804
-38785
-38778
-38776
-38735
-38693
-38569
-38569
-38549
-38543
-38521
-38507
-38499
-38490
-38479
-38460
-38361
-38356
-38342
-38326
-38326
-38276
-38275
-38270
-38269
-38264
-38259
-38240
-38222
-38191
-38179
-38171
-38138
-38136
-38115
-38075
-38058
-38049
-38049
-38019
-37986
-37952
-37941
-37920
-37881
-37870
-37852
-37810
-37806
-37802
-37694
-37687
-37624
-37597
-37592
-37587
-37563
-37548
-37532
-37529
-37490
-37481
-37462
-37447
-37446
-37391
-37350
-37336
-37329
-37315
-37293
-37291
-37272
-37243
-37240
-37201
-37199
-37195
-37190
-37186
-37161
-37102
-37094
-37087
-37048
-37046
-37030
-37025
-37004
-36972
-36966
-36949
-36924
-36920
-36913
-36907
-36880
-36872
-36859
-36818
-36779
-36777
-36772
-36772
-36760
-36747
-36737
-36700
-36690
-36688
-36647
-36615
-36587
-36583
-36568
-36565
-36558
-36486
-36463
-36454
-36429
-36401
-36385
-36382
-36361
-36350
-36337
-36315
-36301
-36294
-36276
-36275
-36255
-36245
-36148
-36130
-36128
-36126
-36067
-36066
-36051
-35986
-35984
-35980
-35966
-35957
-35949
-35948
-35942
-35937
-35897
-35890
-35872
-35870
-35867
-35847
-35837
-35819
-35801
-35797
-35791
-35722
-35689
-35581
-35578
-35576
-35557
-35552
-35536
-35522
-35517
-35481
-35440
-35436
-35402
-35394
-35384
-35369
-35362
-35356
-35345
-35339
-35323
-35255
-35252
-35235
-35225
-35186
-35167
-35167
-35162
-35154
-35110
-35103
-35099
-35019
-34968
-34936
-34925
-34909
-34887
-34863
-34843
-34838
-34838
-34824
-34816
-34808
-34806
-34803
-34801
-34795
-34787
-34783
-34782
-34730
-34704
-34663
-34625
-34620
-34614
-34595
-34585
-34534
-34534
-34488
-34476
-34462
-34452
-34447
-34413
-34405
-34373
-34356
-34356
-34351
-34300
-34285
-34282
-34254
-34197
-34187
-34120
-34088
-34080
-34074
-34072
-34055
-34036
-34033
-34004
-33998
-33967
-33961
-33883
-33848
-33837
-33836
-33809
-33779
-33769
-33755
-33707
-33675
-33668
-33659
-33625
-33607
-33585
-33578
-33557
-33543
-33542
-33520
-33493
-33492
-33478
-33465
-33438
-33420
-33420
-33419
-33417
-33361
-33354
-33289
-33280
-33259
-33257
-33254
-33239
-33229
-33218
-33215
-33196
-33191
-33184
-33177
-33174
-33099
-33079
-33058
-32970
-32944
-32903
-32902
-32898
-32875
-32875
-32873
-32851
-32850
-32837
-32833
-32799
-32797
-32767
-32761
-32747
-32737
-32726
-32705
-32687
-32664
-32664
-32636
-32616
-32615
-32600
-32578
-32572
-32546
-32525
-32480
-32462
-32458
-32451
-32381
-32369
-32302
-32279
-32277
-32266
-32222
-32209
-32209
-32189
-32181
-32144
-32128
-32107
-32098
-32095
-32085
-32080
-32057
-32040
-32023
-31991
-31988
-31943
-31913
-31903
-31865
-31841
-31814
-31805
-31805
-31799
-31796
-31796
-31792
-31780
-31721
-31721
-31696
-31682
-31661
-31607
-31604
-31582
-31556
-31521
-31520
-31499
-31438
-31436
-31403
-31365
-31318
-31316
-31316
-31286
-31215
-31190
-31095
-31039
-31026
-31020
-30996
-30957
-30909
-30882
-30880
-30855
-30845
-30817
-30811
-30783
-30749
-30745
-30690
-30658
-30655
-30615
-30613
-30605
-30586
-30582
-30484
-30478
-30468
-30390
-30370
-30355
-30318
-30316
-30247
-30245
-30234
-30225
-30180
-30150
-30143
-30141
-30108
-30105
-30094
-30066
-30065
-30020
-29983
-29914
-29863
-29858
-29842
-29780
-29780
-29734
-29732
-29719
-29672
-29669
-29652
-29578
-29575
-29567
-29556
-29536
-29528
-29526
-29518
-29491
-29480
-29444
-29436
-29431
-29428
-29422
-29405
-29392
-29382
-29323
-29316
-29297
-29277
-29274
-29235
-29220
-29175
-29169
-29078
-29077
-29068
-29067
-28979
-28975
-28969
-28948
-28941
-28939
-28883
-28738
-28722
-28654
-28651
-28644
-28605
-28519
-28516
-28515
-28479
-28478
-28429
-28412
-28282
-28236
-28153
-28121
-28112
-28105
-28050
-28006
-27974
-27964
-27960
-27957
-27932
-27929
-27928
-27908
-27898
-27884
-27875
-27856
-27851
-27850
-27823
-27823
-27819
-27780
-27656
-27649
-27634
-27616
-27591
-27581
-27560
-27543
-27505
-27477
-27455
-27445
-27414
-27406
-27394
-27374
-27363
-27348
-27312
-27302
-27281
-27277
-27263
-27221
-27214
-27199
-27188
-27186
-27157
-27147
-27146
-27140
-27118
-27088
-27086
-27065
-27061
-27029
-26999
-26997
-26984
-26971
-26944
-26942
-26923
-26923
-26902
-26875
-26830
-26780
-26752
-26739
-26694
-26678
-26669
-26664
-26636
-26636
-26627
-26609
-26607
-26599
-26597
-26590
-26570
-26547
-26539
-26534
-26488
-26452
-26451
-26437
-26433
-26394
-26393
-26388
-26384
-26365
-26355
-26343
-26340
-26311
-26297
-26286
-26285
-26269
-26266
-26265
-26231
-26208
-26204
-26159
-26155
-26148
-26125
-26108
-26079
-26073
-26064
-26037
-26035
-26033
-26027
-26019
-25976
-25964
-25963
-25928
-25907
-25894
-25883
-25877
-25874
-25804
-25779
-25754
-25752
-25751
-25735
-25731
-25705
-25693
-25680
-25653
-25643
-25633
-25631
-25622
-25592
-25541
-25525
-25480
-25372
-25361
-25321
-25273
-25263
-25262
-25232
-25209
-25186
-25161
-25150
-25148
-25085
-25046
-25030
-24997
-24946
-24894
-24889
-24888
-24871
-24868
-24809
-24805
-24792
-24781
-24772
-24731
-24691
-24684
-24661
-24618
-24599
-24598
-24597
-24582
-24571
-24493
-24459
-24451
-24441
-24437
-24404
-24395
-24384
-24360
-24348
-24269
-24227
-24213
-24206
-24201
-24194
-24168
-24143
-24141
-24120
-24094
-24083
-24043
-24011
-23998
-23965
-23916
-23894
-23892
-23864
-23836
-23835
-23826
-23817
-23790
-23784
-23774
-23766
-23756
-23750
-23749
-23743
-23716
-23687
-23632
-23598
-23582
-23573
-23551
-23517
-23499
-23468
-23366
-23336
-23334
-23331
-23322
-23294
-23289
-23289
-23280
-23271
-23259
-23259
-23239
-23238
-23232
-23231
-23177
-23166
-23162
-23143
-23058
-23008
-22955
-22946
-22939
-22903
-22812
-22788
-22729
-22726
-22723
-22690
-22680
-22616
-22601
-22574
-22563
-22552
-22538
-22535
-22526
-22500
-22493
-22491
-22458
-22433
-22432
-22406
-22393
-22371
-22362
-22356
-22344
-22332
-22263
-22263
-22252
-22241
-22179
-22169
-22141
-22140
-22137
-22131
-22116
-22087
-22069
-22065
-22058
-22047
-22007
-21986
-21892
-21861
-21856
-21851
-21842
-21835
-21820
-21802
-21793
-21783
-21776
-21758
-21756
-21752
-21706
-21689
-21669
-21655
-21630
-21626
-21612
-21587
-21584
-21582
-21581
-21574
-21530
-21525
-21494
-21464
-21463
-21455
-21423
-21404
-21392
-21342
-21328
-21321
-21312
-21294
-21292
-21285
-21243
-21223
-21205
-21198
-21183
-21179
-21120
-21115
-21112
-21089
-21077
-21074
-21059
-21054
-21041
-21019
-21007
-20994
-20991
-20987
-20983
-20945
-20932
-20861
-20859
-20853
-20850
-20823
-20810
-20777
-20769
-20766
-20748
-20741
-20737
-20684
-20655
-20633
-20583
-20566
-20562
-20558
-20503
-20491
-20407
-20398
-20392
-20382
-20374
-20322
-20317
-20302
-20242
-20211
-20206
-20177
-20151
-20140
-20137
-20021
-20011
-20010
-19999
-19989
-19985
-19982
-19939
-19925
-19905
-19890
-19869
-19857
-19832
-19786
-19741
-19734
-19715
-19679
-19633
-19626
-19620
-19589
-19585
-19538
-19494
-19460
-19395
-19333
-19280
-19275
-19272
-19225
-19144
-19074
-19070
-19032
-18983
-18972
-18941
-18929
-18904
-18875
-18854
-18784
-18777
-18746
-18739
-18671
-18667
-18638
-18584
-18584
-18518
-18508
-18471
-18467
-18465
-18447
-18436
-18434
-18414
-18406
-18386
-18350
-18325
-18226
-18221
-18207
-18189
-18178
-18170
-18133
-18129
-18115
-18062
-18023
-18023
-18007
-18000
-17990
-17969
-17918
-17869
-17825
-17818
-17807
-17801
-17729
-17699
-17683
-17598
-17597
-17596
-17538
-17534
-17526
-17512
-17510
-17507
-17498
-17463
-17461
-17405
-17403
-17395
-17389
-17360
-17355
-17350
-17290
-17252
-17241
-17234
-17225
-17211
-17187
-17175
-17169
-17161
-17154
-17125
-17114
-17089
-17080
-17053
-17052
-17034
-16990
-16955
-16942
-16931
-16931
-16923
-16922
-16878
-16873
-16855
-16845
-16808
-16792
-16787
-16763
-16733
-16730
-16727
-16713
-16670
-16650
-16631
-16623
-16593
-16593
-16573
-16527
-16474
-16452
-16443
-16420
-16401
-16390
-16272
-16268
-16226
-16216
-16214
-16184
-16178
-16140
-16096
-16093
-16064
-16027
-16018
-15995
-15993
-15968
-15963
-15946
-15930
-15912
-15907
-15903
-15900
-15891
-15871
-15869
-15858
-15790
-15784
-15781
-15761
-15758
-15741
-15723
-15645
-15559
-15527
-15511
-15439
-15427
-15369
-15320
-15279
-15255
-15187
-15166
-15145
-15126
-15103
-15086
-15073
-15017
-14974
-14967
-14860
-14836
-14833
-14829
-14791
-14770
-14752
-14701
-14691
-14685
-14662
-14644
-14627
-14556
-14522
-14516
-14507
-14499
-14399
-14391
-14374
-14358
-14355
-14355
-14345
-14341
-14334
-14324
-14288
-14268
-14192
-14133
-14119
-14099
-14094
-14089
-14087
-14068
-14052
-14047
-14022
-13984
-13976
-13952
-13929
-13915
-13896
-13893
-13881
-13875
-13871
-13825
-13804
-13783
-13773
-13768
-13712
-13706
-13692
-13684
-13666
-13559
-13558
-13556
-13547
-13530
-13517
-13509
-13475
-13460
-13442
-13408
-13400
-13395
-13383
-13349
-13297
-13275
-13263
-13232
-13117
-13109
-13101
-13085
-13080
-13069
-13055
-13054
-13029
-13021
-13016
-12872
-12870
-12869
-12838
-12836
-12833
-12820
-12803
-12776
-12771
-12755
-12745
-12738
-12713
-12702
-12701
-12690
-12675
-12674
-12649
-12642
-12639
-12638
-12607
-12598
-12591
-12520
-12462
-12418
-12405
-12399
-12396
-12396
-12378
-12349
-12348
-12340
-12339
-12332
-12314
-12280
-12275
-12260
-12238
-12214
-12212
-12200
-12144
-12101
-12101
-12090
-12062
-12021
-11965
-11942
-11908
-11870
-11865
-11852
-11850
-11824
-11782
-11777
-11769
-11757
-11743
-11732
-11723
-11702
-11593
-11590
-11550
-11515
-11505
-11491
-11466
-11425
-11401
-11361
-11337
-11297
-11279
-11255
-11200
-11194
-11182
-11174
-11168
-11137
-11125
-11098
-11086
-11059
-11022
-11015
-10988
-10969
-10965
-10926
-10912
-10832
-10809
-10802
-10773
-10754
-10742
-10731
-10709
-10695
-10670
-10633
-10631
-10595
-10565
-10560
-10556
-10546
-10525
-10479
-10456
-10415
-10404
-10391
-10375
-10343
-10311
-10307
-10302
-10298
-10297
-10257
-10237
-10202
-10201
-10178
-10178
-10136
-10119
-10110
-10101
-10101
-10081
-10069
-10013
-9945
-9938
-9921
-9919
-9915
-9905
-9873
-9841
-9831
-9830
-9803
-9799
-9781
-9745
-9722
-9658
-9622
-9619
-9611
-9563
-9534
-9524
-9518
-9511
-9396
-9335
-9318
-9302
-9264
-9238
-9229
-9224
-9209
-9192
-9191
-9174
-9173
-9134
-9121
-9097
-9048
-9032
-9030
-9025
-9019
-9006
-9002
-8999
-8977
-8965
-8915
-8877
-8875
-8873
-8855
-8823
-8808
-8766
-8762
-8751
-8693
-8689
-8663
-8647
-8624
-8593
-8566
-8565
-8535
-8511
-8492
-8487
-8428
-8355
-8321
-8317
-8308
-8258
-8197
-8194
-8179
-8169
-8097
-8066
-8039
-8036
-8034
-8006
-7991
-7988
-7954
-7946
-7909
-7891
-7828
-7741
-7719
-7690
-7640
-7626
-7625
-7594
-7586
-7564
-7546
-7495
-7489
-7481
-7465
-7454
-7444
-7442
-7427
-7349
-7294
-7283
-7268
-7213
-7210
-7196
-7149
-7146
-7142
-7141
-7134
-7118
-7086
-7085
-7077
-7069
-7056
-7055
-7050
-7011
-6961
-6944
-6914
-6911
-6878
-6876
-6875
-6863
-6855
-6819
-6810
-6780
-6771
-6770
-6719
-6717
-6703
-6696
-6694
-6680
-6656
-6648
-6623
-6622
-6613
-6593
-6590
-6564
-6552
-6542
-6529
-6528
-6515
-6488
-6457
-6447
-6393
-6383
-6378
-6370
-6350
-6324
-6297
-6275
-6250
-6170
-6135
-6112
-6079
-6033
-6011
-6008
-5954
-5910
-5855
-5832
-5831
-5808
-5772
-5767
-5714
-5693
-5667
-5640
-5622
-5611
-5560
-5506
-5495
-5460
-5420
-5399
-5371
-5342
-5325
-5318
-5302
-5289
-5278
-5261
-5250
-5248
-5200
-5167
-5140
-5134
-5105
-5095
-5083
-5058
-5055
-5015
-4983
-4954
-4924
-4915
-4901
-4892
-4885
-4877
-4876
-4848
-4848
-4830
-4823
-4783
-4751
-4748
-4736
-4693
-4689
-4679
-4660
-4631
-4626
-4612
-4610
-4592
-4580
-4574
-4572
-4570
-4560
-4548
-4531
-4526
-4493
-4410
-4409
-4393
-4383
-4350
-4346
-4303
-4275
-4209
-4136
-4124
-4118
-4108
-4100
-4093
-4086
-4085
-4025
-3981
-3978
-3955
-3954
-3931
-3885
-3881
-3869
-3857
-3835
-3819
-3806
-3806
-3788
-3778
-3755
-3750
-3736
-3721
-3675
-3602
-3594
-3568
-3537
-3482
-3440
-3432
-3428
-3414
-3307
-3277
-3257
-3219
-3209
-3181
-3122
-3112
-3104
-3083
-3033
-2977
-2973
-2964
-2940
-2923
-2923
-2923
-2921
-2872
-2859
-2827
-2786
-2769
-2766
-2745
-2729
-2717
-2673
-2668
-2664
-2661
-2659
-2653
-2634
-2622
-2535
-2471
-2468
-2443
-2431
-2421
-2411
-2410
-2365
-2345
-2314
-2293
-2257
-2245
-2222
-2218
-2204
-2194
-2155
-2136
-2134
-2112
-2108
-2099
-2084
-2038
-1982
-1940
-1928
-1883
-1871
-1835
-1794
-1779
-1778
-1770
-1769
-1715
-1604
-1595
-1589
-1566
-1564
-1555
-1513
-1493
-1487
-1482
-1449
-1448
-1422
-1382
-1360
-1359
-1335
-1250
-1232
-1220
-1211
-1158
-1106
-1095
-1092
-1091
-1064
-1037
-1014
-1013
-1005
-996
-995
-988
-986
-964
-944
-923
-914
-877
-869
-867
-848
-847
-838
-819
-806
-794
-769
-768
-763
-736
-735
-730
-726
-707
-688
-665
-663
-594
-593
-577
-572
-571
-564
-540
-533
-492
-442
-439
-420
-411
-382
-381
-366
-342
-310
-309
-305
-295
-281
-251
-238
-234
-206
-175
-144
-128
-89
-89
-84
19
22
23
29
47
54
63
77
103
111
121
136
144
150
158
169
173
174
198
199
209
220
237
237
241
251
257
278
288
297
302
320
323
325
358
369
384
393
397
404
421
443
444
459
470
477
478
482
538
539
543
549
552
557
574
581
618
633
676
690
727
733
737
746
749
755
758
764
788
790
791
836
882
884
938
969
1016
1037
1038
1052
1098
1107
1110
1138
1152
1161
1163
1177
1179
1194
1232
1234
1257
1267
1273
1283
1284
1285
1325
1389
1401
1435
1436
1445
1452
1481
1556
1562
1614
1616
1668
1685
1719
1724
1751
1763
1789
1853
1893
1901
1940
1945
1948
1964
1988
1995
2008
2017
2018
2031
2032
2055
2079
2081
2083
2086
2099
2102
2106
2266
2269
2299
2324
2328
2334
2340
2351
2379
2391
2413
2427
2453
2480
2493
2527
2548
2549
2569
2580
2586
2591
2636
2642
2647
2658
2660
2664
2724
2736
2743
2753
2756
2758
2762
2802
2815
2837
2859
2909
2916
2951
2963
2970
2988
3018
3021
3026
3047
3047
3156
3178
3185
3211
3235
3272
3275
3316
3356
3364
3370
3378
3383
3391
3424
3428
3450
3484
3494
3527
3538
3557
3559
3560
3568
3580
3585
3586
3614
3615
3629
3647
3650
3680
3688
3697
3703
3721
3747
3758
3795
3797
3818
3861
3870
3892
3895
3945
3983
3984
3986
3997
4028
4028
4041
4083
4105
4138
4148
4170
4171
4191
4248
4256
4260
4265
4288
4295
4345
4363
4375
4393
4414
4428
4450
4460
4526
4545
4548
4571
4609
4613
4648
4678
4691
4705
4738
4738
4753
4753
4764
4778
4822
4831
4850
4893
4895
4899
4908
4908
4911
4919
4932
4943
4958
4965
4977
4999
5009
5021
5029
5051
5075
5083
5084
5096
5113
5125
5131
5140
5142
5144
5146
5167
5174
5199
5217
5243
5258
5268
5316
5332
5358
5358
5362
5378
5385
5400
5428
5445
5459
5460
5487
5557
5585
5608
5669
5683
5697
5718
5721
5726
5727
5731
5805
5808
5815
5829
5850
5871
5910
5933
5966
6014
6026
6028
6038
6052
6077
6094
6151
6186
6227
6250
6298
6303
6315
6333
6363
6374
6375
6380
6390
6392
6414
6422
6436
6446
6450
6472
6478
6512
6524
6532
6573
6587
6592
6610
6714
6721
6778
6818
6825
6827
6868
6896
6909
6967
6967
6974
7016
7021
7033
7046
7053
7069
7071
7118
7126
7167
7207
7212
7226
7244
7249
7283
7297
7345
7357
7367
7415
7430
7450
7457
7485
7506
7506
7528
7531
7544
7573
7576
7577
7597
7608
7608
7638
7667
7738
7739
7763
7790
7825
7829
7839
7844
7853
7856
7859
7900
7903
7939
7964
7990
8005
8015
8061
8147
8162
8184
8209
8213
8248
8265
8300
8335
8349
8435
8454
8475
8480
8505
8526
8528
8535
8558
8605
8652
8727
8728
8730
8749
8782
8790
8794
8812
8815
8866
8894
8957
9002
9020
9061
9062
9083
9085
9110
9115
9116
9131
9165
9195
9202
9221
9233
9246
9328
9347
9348
9372
9379
9398
9405
9422
9435
9462
9492
9503
9582
9585
9593
9601
9617
9622
9623
9669
9672
9675
9729
9734
9754
9765
9803
9810
9856
9893
9913
9937
9945
9974
9996
10022
10088
10110
10144
10160
10198
10246
10256
10314
10343
10378
10381
10390
10440
10470
10476
10559
10565
10592
10672
10673
10675
10705
10731
10742
10770
10797
10798
10810
10811
10824
10828
10831
10856
10857
10861
10872
10890
10894
10908
10912
10927
10927
10928
10948
10952
10975
10993
11025
11040
11049
11050
11056
11089
11108
11111
11113
11151
11168
11173
11173
11185
11225
11287
11292
11302
11331
11361
11397
11410
11438
11486
11494
11535
11541
11541
11556
11584
11623
11679
11691
11691
11713
11714
11732
11748
11776
11782
11814
11827
11836
11840
11879
11880
11903
11917
11927
11939
11943
11954
11959
12011
12028
12033
12043
12046
12051
12075
12077
12095
12119
12121
12122
12133
12193
12245
12265
12273
12325
12333
12345
12404
12407
12435
12442
12487
12513
12519
12532
12558
12600
12653
12664
12683
12713
12759
12784
12801
12860
12886
12889
12935
12946
12972
12993
13007
13016
13044
13048
13087
13091
13115
13182
13276
13312
13318
13353
13391
13436
13444
13470
13493
13539
13547
13561
13567
13605
13617
13647
13650
13685
13711
13762
13836
13850
13875
13877
13880
13911
13913
13932
13952
13952
13963
13964
13993
14000
14054
14064
14065
14074
14083
14095
14105
14120
14123
14143
14152
14159
14169
14245
14262
14275
14275
14277
14314
14334
14334
14336
14386
14420
14463
14473
14478
14486
14528
14564
14568
14590
14649
14654
14659
14665
14672
14674
14716
14742
14759
14764
14793
14813
14817
14820
14838
14844
14880
14899
14913
14934
14938
14952
14961
14978
14980
14984
15002
15007
15026
15029
15037
15110
15132
15150
15163
15179
15187
15191
15238
15242
15254
15264
15272
15278
15310
15317
15322
15336
15353
15371
15402
15404
15407
15433
15500
15535
15550
15564
15571
15578
15586
15626
15647
15656
15688
15732
15810
15862
15877
15884
15974
15976
15989
16002
16028
16059
16109
16116
16124
16158
16168
16170
16277
16287
16297
16297
16333
16344
16363
16368
16375
16378
16387
16417
16442
16461
16493
16512
16516
16548
16562
16572
16598
16608
16615
16645
16666
16670
16719
16724
16731
16741
16802
16896
16924
16926
16938
16949
16962
16967
16969
16996
17009
17020
17078
17084
17114
17157
17188
17191
17204
17215
17228
17244
17257
17280
17340
17344
17346
17372
17393
17402
17408
17443
17444
17452
17485
17491
17512
17516
17518
17528
17555
17561
17565
17576
17581
17607
17701
17712
17741
17746
17778
17787
17801
17803
17826
17867
17899
17964
17974
17981
17984
17989
17999
18017
18039
18051
18054
18070
18080
18083
18134
18143
18147
18214
18221
18274
18324
18336
18337
18361
18362
18374
18405
18410
18410
18495
18513
18568
18596
18597
18598
18608
18647
18680
18705
18707
18768
18796
18813
18849
18888
18918
18923
18936
18948
18957
18971
19010
19045
19059
19068
19091
19104
19110
19127
19148
19155
19156
19232
19256
19270
19393
19450
19458
19472
19525
19538
19592
19594
19606
19610
19624
19660
19669
19683
19690
19699
19766
19778
19791
19808
19830
19834
19837
19855
19859
19868
19870
19884
19887
19899
19910
19911
19911
19939
19956
19984
19988
20028
20028
20031
20037
20045
20160
20164
20168
20186
20191
20206
20260
20304
20353
20367
20386
20436
20480
20488
20497
20526
20531
20566
20590
20659
20660
20678
20678
20721
20734
20735
20758
20769
20788
20856
20860
20870
20876
20912
20912
20925
20941
20968
20995
21016
21062
21062
21078
21115
21133
21139
21143
21163
21169
21185
21226
21250
21252
21259
21281
21291
21304
21312
21316
21352
21358
21360
21372
21386
21400
21446
21452
21488
21498
21524
21525
21527
21541
21547
21548
21557
21579
21588
21602
21608
21619
21641
21644
21646
21693
21697
21735
21772
21782
21785
21847
21848
21852
21863
21869
21871
21872
21880
21936
22007
22029
22035
22088
22106
22126
22126
22136
22218
22222
22246
22264
22278
22307
22314
22318
22347
22379
22380
22472
22478
22500
22512
22542
22548
22589
22597
22601
22629
22658
22667
22676
22679
22684
22720
22744
22752
22765
22772
22864
22869
22878
22884
22887
22889
22901
22971
22981
22987
22997
23016
23040
23055
23060
23062
23086
23117
23119
23122
23135
23144
23156
23163
23165
23220
23238
23244
23270
23293
23297
23300
23327
23347
23347
23374
23389
23389
23389
23390
23407
23424
23465
23513
23520
23528
23591
23613
23619
23623
23624
23626
23630
23663
23673
23699
23707
23722
23745
23762
23803
23803
23818
23849
23852
23855
23869
23881
23897
23901
23914
23928
23945
23965
23981
24058
24082
24115
24150
24178
24191
24220
24241
24258
24290
24312
24319
24345
24368
24386
24434
24446
24456
24463
24465
24518
24547
24551
24561
24578
24579
24594
24611
24655
24658
24664
24673
24677
24687
24688
24703
24738
24744
24796
24859
24875
24881
24926
24929
24969
24988
25012
25014
25030
25036
25047
25117
25207
25260
25263
25302
25329
25367
25379
25439
25463
25489
25499
25500
25516
25527
25529
25537
25587
25598
25621
25670
25674
25697
25734
25852
25867
25870
25906
25920
25951
25956
25960
25973
25984
26010
26040
26044
26056
26089
26096
26098
26100
26113
26168
26173
26179
26197
26211
26222
26235
26240
26271
26278
26282
26298
26305
26315
26318
26327
26339
26375
26382
26425
26430
26433
26448
26468
26473
26475
26486
26489
26499
26520
26553
26562
26576
26583
26610
26625
26636
26647
26700
26747
26753
26776
26792
26794
26822
26831
26836
26838
26838
26848
26854
26871
26881
26904
26921
26926
26958
26976
27052
27084
27100
27123
27129
27144
27156
27161
27177
27186
27194
27200
27219
27242
27279
27306
27319
27361
27393
27394
27396
27422
27424
27429
27463
27464
27482
27489
27491
27495
27498
27504
27506
27521
27538
27566
27596
27598
27628
27664
27684
27692
27721
27787
27795
27812
27827
27843
27848
27855
27856
27859
27867
27880
27885
27886
27899
27922
27989
28011
28019
28047
28050
28061
28085
28107
28118
28121
28141
28143
28160
28171
28224
28238
28241
28244
28269
28295
28297
28301
28331
28341
28359
28381
28386
28386
28391
28424
28437
28448
28482
28499
28508
28514
28587
28638
28639
28659
28668
28676
28680
28691
28737
28741
28756
28758
28781
28829
28830
28876
28942
29012
29027
29034
29042
29042
29080
29087
29122
29132
29167
29198
29216
29218
29224
29235
29237
29251
29272
29296
29328
29344
29350
29388
29418
29440
29473
29552
29561
29562
29565
29568
29575
29584
29609
29628
29638
29650
29662
29680
29681
29687
29688
29702
29717
29728
29730
29738
29739
29780
29785
29799
29802
29810
29820
29899
29904
29980
29990
30010
30050
30072
30092
30093
30118
30156
30164
30165
30177
30192
30203
30217
30240
30261
30263
30272
30282
30282
30287
30298
30324
30330
30365
30372
30390
30397
30402
30450
30467
30514
30546
30554
30575
30589
30644
30646
30647
30661
30661
30664
30706
30723
30728
30744
30748
30779
30799
30814
30823
30851
30853
30863
30866
30921
30948
31034
31046
31063
31089
31099
31114
31117
31140
31143
31143
31147
31159
31162
31219
31225
31232
31281
31308
31333
31367
31378
31397
31417
31429
31445
31453
31466
31479
31555
31562
31566
31592
31613
31619
31648
31663
31679
31686
31749
31756
31785
31806
31831
31839
31969
31976
31979
31996
32008
32033
32067
32069
32126
32135
32183
32183
32183
32229
32230
32234
32246
32308
32318
32322
32332
32352
32365
32375
32410
32438
32439
32469
32506
32510
32543
32553
32561
32581
32590
32626
32627
32666
32669
32701
32768
32780
32788
32788
32802
32809
32863
32873
32885
32909
32923
32931
32932
32938
32941
33010
33018
33020
33034
33038
33049
33050
33089
33107
33126
33167
33180
33186
33200
33222
33276
33310
33320
33335
33349
33396
33400
33403
33405
33452
33462
33488
33494
33495
33502
33511
33535
33542
33560
33565
33582
33597
33600
33610
33620
33625
33647
33682
33686
33695
33730
33739
33749
33753
33765
33766
33767
33770
33776
33778
33791
33817
33848
33862
33877
33882
33904
33944
33969
33975
34001
34020
34030
34038
34052
34056
34103
34113
34124
34128
34151
34156
34160
34162
34173
34182
34208
34250
34272
34294
34315
34316
34330
34351
34358
34378
34382
34384
34401
34407
34452
34502
34554
34563
34572
34641
34641
34656
34666
34701
34704
34722
34736
34753
34768
34782
34794
34808
34819
34840
34841
34930
34996
35003
35019
35028
35063
35094
35104
35124
35128
35142
35148
35151
35185
35186
35217
35217
35225
35237
35238
35330
35335
35343
35421
35432
35437
35471
35480
35490
35505
35519
35543
35545
35551
35557
35603
35630
35632
35643
35650
35661
35662
35682
35711
35725
35725
35732
35785
35788
35798
35845
35872
35951
35955
35957
35960
35972
35977
35992
36010
36027
36035
36052
36106
36129
36155
36166
36209
36209
36261
36266
36322
36348
36362
36374
36425
36426
36431
36435
36477
36479
36502
36506
36516
36519
36571
36579
36587
36620
36639
36715
36717
36722
36770
36804
36807
36817
36835
36857
36923
36933
36947
36962
36969
36979
36986
37025
37030
37057
37058
37118
37143
37163
37168
37234
37289
37300
37329
37377
37398
37410
37423
37472
37474
37549
37566
37566
37586
37590
37637
37641
37659
37661
37679
37702
37717
37759
37764
37790
37792
37794
37809
37834
37840
37857
37858
37860
37892
37895
37904
37907
37918
37958
37959
37960
37964
37968
37971
37973
37992
38009
38015
38023
38046
38047
38051
38080
38102
38120
38140
38146
38178
38192
38229
38247
38265
38271
38286
38287
38291
38300
38347
38356
38372
38382
38418
38429
38432
38437
38446
38448
38482
38489
38492
38510
38515
38519
38526
38528
38548
38552
38562
38604
38606
38608
38713
38752
38763
38786
38788
38800
38812
38823
38865
38876
38932
38937
38970
38979
39000
39019
39043
39085
39086
39112
39119
39126
39160
39235
39296
39300
39323
39325
39329
39359
39367
39377
39416
39425
39426
39433
39441
39462
39467
39473
39475
39518
39545
39568
39586
39622
39635
39696
39712
39754
39823
39830
39831
39842
39866
39888
39912
39914
39919
39935
39990
40010
40014
40015
40040
40043
40072
40075
40089
40101
40104
40106
40124
40126
40152
40161
40202
40205
40218
40227
40227
40247
40268
40295
40296
40308
40308
40309
40318
40329
40334
40371
40478
40518
40531
40542
40562
40578
40584
40659
40689
40710
40740
40753
40784
40791
40807
40818
40869
40886
40901
40913
40934
40990
41046
41074
41101
41104
41136
41161
41221
41241
41263
41272
41286
41313
41318
41336
41349
41452
41472
41482
41494
41517
41531
41558
41587
41607
41616
41690
41701
41727
41735
41804
41813
41904
41911
41916
41933
41972
41993
42009
42023
42046
42056
42060
42072
42095
42134
42181
42183
42188
42237
42247
42249
42257
42265
42290
42302
42312
42313
42326
42345
42349
42354
42358
42378
42385
42398
42407
42472
42500
42548
42549
42589
42596
42601
42612
42625
42659
42671
42678
42719
42728
42761
42801
42819
42819
42826
42860
42875
42879
42926
42942
43005
43011
43024
43048
43137
43148
43154
43155
43161
43173
43185
43197
43224
43230
43236
43275
43279
43291
43302
43311
43365
43381
43381
43390
43394
43397
43419
43432
43464
43493
43495
43506
43513
43518
43520
43521
43522
43533
43567
43618
43640
43650
43655
43656
43697
43702
43707
43714
43724
43737
43770
43775
43796
43816
43816
43826
43853
43854
43887
43887
43905
43925
43932
43933
43935
43936
43955
44032
44096
44130
44137
44141
44160
44162
44189
44200
44205
44208
44224
44245
44276
44330
44331
44372
44380
44396
44424
44440
44448
44473
44473
44492
44519
44525
44533
44552
44572
44582
44586
44590
44630
44632
44647
44662
44680
44689
44694
44707
44724
44739
44752
44773
44773
44779
44791
44821
44826
44832
44848
44871
44880
44919
44963
44970
44997
45030
45037
45038
45039
45041
45044
45084
45106
45110
45113
45118
45139
45265
45310
45338
45367
45424
45426
45427
45435
45443
45445
45460
45489
45543
45559
45564
45571
45571
45588
45642
45691
45720
45736
45751
45762
45774
45783
45835
45873
45898
45914
45931
45943
46002
46008
46015
46022
46067
46073
46092
46133
46136
46143
46158
46177
46179
46179
46214
46215
46235
46241
46273
46387
46397
46412
46458
46467
46472
46476
46484
46497
46499
46531
46555
46641
46753
46779
46797
46803
46915
46940
46944
46975
46981
47003
47010
47016
47021
47088
47095
47113
47114
47175
47207
47218
47299
47302
47327
47339
47363
47366
47373
47375
47379
47391
47395
47398
47411
47452
47463
47474
47484
47494
47540
47552
47641
47688
47702
47726
47739
47742
47767
47770
47782
47800
47802
47822
47826
47845
47846
47855
47869
47878
47908
47917
47938
47968
47976
47995
48015
48020
48031
48111
48143
48143
48168
48208
48296
48299
48318
48358
48399
48519
48537
48557
48565
48580
48600
48650
48679
48743
48762
48779
48788
48825
48836
48856
48873
48900
48915
48934
49038
49052
49096
49098
49121
49121
49125
49142
49185
49219
49227
49230
49251
49254
49259
49318
49322
49328
49348
49355
49362
49370
49383
49441
49442
49470
49500
49535
49564
49583
49595
49604
49624
49634
49643
49692
49694
49705
49706
49711
49715
49716
49785
49788
49789
49797
49803
49814
49819
49863
49868
49870
49878
49891
49899
49924
49930
49943
49968
49999
50013
50015
50036
50049
50097
50105
50131
50134
50142
50143
50147
50156
50169
50177
50244
50279
50286
50292
50293
50294
50295
50314
50335
50339
50357
50362
50403
50404
50412
50415
50437
50437
50490
50498
50539
50565
50571
50591
50599
50638
50656
50666
50669
50692
50756
50760
50769
50808
50835
50896
50983
51014
51048
51049
51081
51118
51150
51156
51183
51185
51198
51221
51221
51238
51317
51331
51359
51362
51380
51385
51387
51387
51404
51410
51441
51442
51492
51507
51549
51583
51605
51642
51643
51663
51671
51747
51751
51752
51774
51782
51800
51819
51819
51839
51861
51878
51879
51880
51945
51951
51963
51964
51969
51969
52010
52103
52127
52142
52170
52171
52204
52214
52218
52223
52246
52249
52253
52263
52271
52296
52300
52321
52328
52330
52422
52452
52515
52520
52551
52560
52593
52595
52621
52639
52646
52650
52672
52679
52735
52737
52753
52780
52797
52799
52809
52844
52846
52848
52889
52908
52924
52935
52960
52980
52990
52999
53021
53049
53054
53054
53056
53064
53074
53085
53099
53102
53103
53134
53197
53263
53304
53306
53310
53328
53413
53437
53459
53462
53473
53479
53489
53508
53524
53545
53562
53604
53695
53703
53707
53734
53759
53760
53767
53800
53806
53818
53830
53849
53860
53880
53922
53957
53966
53967
54011
54033
54037
54077
54098
54109
54113
54155
54159
54229
54244
54276
54277
54280
54339
54354
54385
54388
54406
54425
54430
54449
54466
54488
54514
54515
54535
54564
54575
54630
54638
54643
54670
54672
54701
54714
54727
54769
54789
54804
54832
54834
54851
54853
54871
54888
54908
54936
54958
54985
54999
55002
55026
55047
55069
55080
55084
55085
55089
55125
55138
55155
55201
55206
55219
55239
55262
55262
55265
55269
55282
55287
55314
55316
55328
55341
55357
55364
55430
55447
55472
55475
55489
55493
55521
55547
55550
55561
55562
55588
55588
55593
55595
55617
55631
55673
55697
55732
55747
55800
55808
55884
55895
55896
55913
55943
55953
55954
55998
56013
56019
56029
56030
56040
56045
56052
56071
56088
56102
56119
56129
56144
56156
56227
56244
56286
56328
56350
56385
56397
56406
56423
56443
56448
56460
56481
56501
56516
56542
56630
56638
56642
56692
56693
56695
56707
56710
56718
56719
56730
56743
56758
56759
56772
56798
56829
56849
56859
56950
56973
56976
57033
57057
57063
57074
57083
57100
57152
57187
57225
57252
57298
57298
57314
57316
57398
57438
57439
57456
57496
57503
57550
57578
57596
57606
57610
57615
57616
57624
57635
57640
57676
57677
57698
57762
57768
57772
57794
57812
57812
57820
57827
57874
57889
57894
57938
57961
57965
57981
57983
58025
58058
58058
58063
58063
58087
58088
58092
58109
58128
58165
58180
58182
58189
58241
58303
58383
58397
58414
58417
58431
58445
58502
58549
58549
58574
58576
58613
58626
58641
58651
58659
58700
58708
58721
58749
58777
58781
58782
58810
58818
58818
58820
58849
58854
58855
58858
58876
58877
58888
58898
58907
58911
58935
58959
58959
58962
58966
58995
58997
59007
59013
59048
59052
59060
59063
59094
59099
59101
59126
59135
59156
59168
59175
59183
59200
59225
59254
59265
59267
59282
59293
59302
59308
59312
59331
59332
59387
59389
59402
59425
59428
59437
59441
59479
59501
59507
59517
59537
59548
59576
59580
59618
59621
59630
59735
59737
59743
59744
59758
59775
59796
59810
59878
59934
59937
60027
60049
60050
60060
60069
60079
60103
60133
60137
60174
60201
60203
60230
60236
60239
60243
60248
60318
60337
60460
60498
60506
60544
60572
60587
60590
60642
60686
60687
60687
60725
60728
60738
60757
60762
60797
60904
60908
60926
60927
60933
60945
60949
60961
60984
60986
61005
61016
61020
61025
61071
61082
61131
61159
61185
61196
61198
61241
61248
61249
61327
61344
61346
61380
61443
61445
61516
61537
61581
61592
61613
61632
61660
61671
61707
61713
61718
61764
61773
61780
61789
61791
61793
61793
61799
61828
61834
61838
61844
61862
61866
61887
61896
61914
61924
62001
62072
62137
62176
62183
62188
62190
62196
62201
62219
62319
62329
62338
62352
62371
62372
62424
62426
62444
62479
62505
62510
62526
62541
62543
62544
62545
62560
62591
62610
62613
62628
62636
62653
62658
62660
62668
62673
62686
62708
62771
62773
62822
62825
62845
62856
62861
62879
62881
62885
62912
62940
62965
62966
62984
62984
62987
62992
63034
63054
63083
63098
63109
63163
63172
63179
63180
63180
63252
63327
63386
63422
63426
63463
63470
63476
63500
63502
63579
63590
63611
63631
63634
63646
63687
63721
63724
63731
63817
63827
63853
63902
63902
63909
63915
63916
63918
63918
63934
63968
64000
64043
64058
64076
64084
64104
64139
64145
64183
64245
64253
64307
64323
64359
64386
64387
64400
64503
64528
64528
64532
64568
64586
64599
64605
64621
64622
64636
64648
64656
64670
64691
64703
64719
64739
64743
64774
64783
64801
64814
64822
64829
64839
64845
64852
64856
64874
64883
64893
64909
64957
64959
64976
65038
65058
65060
65065
65083
65106
65156
65184
65216
65239
65262
65265
65284
65288
65297
65309
65314
65329
65345
65379
65407
65449
65475
65517
65520
65555
65561
65581
65612
65641
65645
65652
65678
65697
65714
65731
65752
65755
65770
65798
65815
65839
65887
65900
65926
65933
65936
65947
65954
65966
65992
66020
66029
66034
66037
66048
66054
66075
66093
66099
66162
66179
66207
66254
66255
66267
66316
66334
66334
66341
66367
66368
66380
66403
66418
66433
66452
66460
66474
66494
66494
66512
66516
66547
66558
66564
66621
66630
66658
66735
66778
66782
66793
66804
66820
66835
66842
66974
66993
67052
67094
67102
67108
67113
67137
67149
67181
67206
67207
67214
67226
67271
67343
67379
67399
67455
67481
67485
67527
67548
67565
67584
67601
67608
67684
67701
67701
67743
67758
67778
67811
67823
67824
67908
67913
67928
67969
68005
68010
68028
68061
68078
68084
68088
68120
68122
68136
68138
68169
68171
68216
68258
68261
68288
68308
68318
68323
68324
68325
68362
68387
68391
68416
68439
68489
68536
68553
68569
68604
68626
68643
68651
68669
68700
68712
68713
68721
68739
68746
68753
68828
68828
68833
68876
68878
68901
68917
68931
68935
68946
68986
69000
69001
69001
69026
69041
69042
69046
69082
69085
69093
69098
69118
69145
69145
69175
69188
69193
69229
69248
69256
69317
69321
69327
69376
69441
69460
69513
69533
69561
69568
69569
69618
69619
69668
69696
69705
69710
69748
69774
69786
69789
69800
69821
69863
69888
69936
69937
69966
69979
70025
70044
70054
70074
70105
70136
70168
70174
70180
70209
70217
70225
70235
70256
70272
70307
70319
70342
70350
70353
70369
70388
70396
70420
70437
70469
70519
70522
70523
70610
70645
70658
70679
70697
70719
70722
70730
70737
70745
70750
70772
70791
70798
70821
70847
70901
70905
70926
70943
71002
71004
71009
71027
71029
71039
71074
71094
71095
71109
71126
71148
71210
71238
71276
71300
71301
71368
71389
71427
71446
71468
71470
71487
71504
71524
71576
71600
71605
71661
71662
71682
71687
71708
71708
71712
71752
71755
71790
71800
71847
71852
71881
71888
71896
71899
71911
71940
71963
71964
71995
72005
72020
72024
72097
72123
72131
72157
72166
72214
72233
72239
72248
72249
72274
72298
72308
72325
72347
72354
72356
72386
72465
72478
72496
72545
72566
72571
72575
72605
72607
72643
72658
72693
72703
72712
72745
72754
72756
72763
72768
72775
72850
72862
72869
72890
72938
72974
72980
72987
72990
72997
73024
73140
73176
73178
73195
73201
73215
73342
73385
73398
73467
73498
73514
73533
73551
73585
73610
73612
73621
73664
73672
73686
73714
73761
73775
73782
73789
73866
73881
73891
73908
73941
73946
73956
73979
73983
74062
74104
74106
74117
74124
74126
74127
74142
74204
74211
74243
74257
74260
74311
74318
74329
74369
74388
74391
74409
74429
74439
74439
74467
74484
74517
74539
74544
74562
74571
74589
74589
74591
74596
74597
74655
74708
74711
74716
74727
74763
74772
74774
74792
74836
74899
74905
74926
74940
74962
74990
75018
75018
75026
75079
75107
75145
75152
75158
75167
75182
75207
75239
75260
75272
75314
75319
75320
75350
75364
75396
75414
75454
75481
75486
75502
75539
75548
75576
75595
75614
75643
75647
75653
75678
75684
75692
75701
75704
75809
75835
75842
75847
75865
75889
75914
75940
75943
75948
76053
76067
76078
76131
76134
76160
76162
76163
76176
76206
76218
76245
76267
76286
76305
76326
76345
76358
76380
76385
76423
76466
76481
76490
76510
76553
76586
76607
76634
76647
76708
76708
76710
76734
76759
76779
76788
76795
76863
76900
76909
76915
76969
76994
77005
77018
77061
77073
77077
77141
77160
77192
77229
77270
77275
77337
77340
77355
77363
77374
77416
77443
77445
77488
77505
77507
77515
77529
77531
77532
77545
77583
77626
77645
77655
77672
77680
77697
77760
77761
77774
77839
77843
77876
77886
77892
77897
77910
77923
77926
77948
77963
77986
77996
78007
78082
78136
78141
78142
78148
78149
78171
78177
78204
78205
78236
78237
78245
78249
78280
78283
78345
78363
78402
78415
78469
78481
78484
78487
78489
78490
78519
78540
78559
78585
78608
78641
78642
78648
78663
78684
78705
78706
78710
78718
78720
78739
78742
78757
78779
78858
78902
78909
78931
78932
78953
78960
78976
79030
79038
79059
79073
79121
79153
79153
79195
79272
79334
79340
79352
79359
79373
79376
79407
79420
79480
79503
79522
79533
79549
79559
79560
79562
79562
79562
79582
79585
79608
79614
79664
79674
79706
79761
79770
79799
79801
79828
79901
79904
79942
79953
79965
79981
79986
79988
79989
80022
80026
80036
80037
80052
80096
80097
80132
80184
80200
80220
80231
80247
80258
80288
80309
80317
80321
80338
80371
80403
80424
80432
80441
80486
80519
80533
80544
80561
80566
80568
80582
80583
80626
80660
80712
80743
80767
80774
80784
80798
80801
80808
80811
80812
80853
80855
80868
80874
80891
80895
80898
80910
80964
81060
81061
81144
81147
81169
81185
81191
81242
81248
81258
81287
81287
81390
81398
81402
81432
81437
81463
81477
81498
81505
81508
81539
81546
81571
81593
81606
81663
81670
81689
81711
81718
81758
81759
81773
81776
81794
81825
81834
81839
81869
81889
81891
81897
81901
81948
81955
81990
81996
82021
82025
82037
82107
82133
82152
82159
82159
82184
82252
82290
82347
82354
82354
82377
82396
82443
82447
82463
82476
82512
82517
82524
82541
82548
82556
82558
82569
82585
82595
82607
82609
82635
82681
82687
82713
82760
82803
82805
82812
82814
82820
82828
82855
82874
82902
82915
82922
82935
82952
82985
83035
83074
83085
83089
83101
83175
83183
83198
83201
83204
83208
83210
83216
83250
83285
83289
83302
83310
83314
83335
83359
83381
83383
83386
83387
83399
83445
83465
83472
83538
83561
83561
83598
83630
83644
83654
83762
83762
83764
83776
83814
83816
83851
83875
83883
83896
83912
83913
83917
83931
83968
83989
84015
84024
84028
84050
84087
84095
84103
84116
84138
84145
84152
84156
84202
84219
84223
84246
84248
84275
84312
84324
84355
84369
84384
84393
84429
84438
84468
84478
84480
84496
84509
84517
84527
84529
84540
84565
84620
84623
84635
84637
84655
84671
84686
84700
84722
84736
84753
84819
84820
84829
84829
84884
84917
84922
84982
85013
85024
85123
85147
85207
85236
85277
85291
85313
85328
85329
85331
85336
85342
85407
85452
85455
85482
85487
85503
85514
85536
85593
85602
85606
85612
85654
85685
85711
85712
85770
85793
85816
85824
85836
85840
85890
85898
85927
85976
85989
86012
86019
86077
86084
86094
86159
86167
86196
86218
86251
86309
86324
86325
86336
86338
86355
86376
86384
86389
86409
86413
86417
86424
86464
86482
86513
86519
86520
86524
86548
86551
86556
86561
86572
86574
86579
86598
86611
86627
86630
86646
86651
86666
86675
86679
86682
86719
86753
86776
86782
86785
86790
86805
86816
86857
86863
86884
86910
86913
86917
86928
86941
86943
86945
87024
87029
87045
87045
87053
87073
87085
87116
87131
87163
87163
87175
87180
87200
87204
87210
87210
87287
87288
87314
87357
87357
87388
87389
87418
87422
87445
87451
87472
87492
87545
87563
87584
87591
87625
87625
87641
87675
87692
87770
87780
87791
87858
87860
87861
87901
87907
87908
87909
87922
87947
87977
87988
88040
88054
88055
88080
88112
88148
88182
88293
88312
88313
88318
88378
88390
88398
88399
88416
88428
88443
88483
88486
88522
88556
88579
88593
88604
88604
88617
88662
88722
88735
88768
88795
88816
88819
88869
88900
88942
88943
88961
88980
88998
89066
89068
89098
89111
89124
89155
89164
89176
89190
89266
89266
89279
89300
89302
89305
89339
89383
89383
89384
89523
89545
89571
89584
89594
89623
89632
89640
89661
89667
89688
89688
89706
89715
89722
89748
89751
89777
89785
89791
89799
89807
89845
89908
89954
89973
89977
89986
90049
90076
90081
90081
90102
90126
90145
90157
90159
90164
90171
90173
90182
90199
90222
90242
90252
90278
90322
90343
90346
90361
90399
90409
90441
90469
90478
90488
90511
90515
90522
90533
90534
90605
90613
90646
90668
90716
90735
90777
90778
90815
90862
90887
90893
90899
90941
90956
91040
91042
91062
91066
91069
91073
91075
91151
91169
91182
91238
91243
91258
91286
91320
91328
91357
91365
91378
91383
91394
91427
91436
91444
91467
91511
91515
91526
91545
91564
91565
91604
91621
91695
91729
91739
91777
91785
91820
91829
91866
91895
91909
91919
91926
91965
91969
91980
91996
92004
92005
92029
92040
92067
92075
92146
92154
92173
92181
92212
92226
92254
92298
92356
92358
92363
92377
92415
92441
92453
92489
92499
92505
92513
92513
92515
92516
92541
92543
92544
92548
92595
92626
92676
92696
92720
92732
92735
92746
92765
92781
92791
92811
92867
92869
92878
92927
92937
92949
92984
93006
93041
93082
93089
93097
93116
93130
93170
93174
93181
93190
93197
93209
93215
93218
93241
93253
93257
93270
93272
93281
93295
93296
93304
93353
93376
93377
93391
93395
93428
93443
93468
93473
93474
93493
93507
93526
93526
93535
93541
93547
93563
93583
93597
93626
93639
93687
93703
93709
93755
93771
93779
93787
93804
93807
93896
93916
93917
93921
93947
93951
93957
94021
94022
94034
94091
94112
94117
94127
94149
94161
94189
94198
94200
94211
94226
94232
94238
94245
94275
94292
94311
94328
94337
94338
94360
94391
94423
94429
94450
94464
94464
94467
94477
94500
94515
94521
94585
94594
94606
94620
94652
94669
94683
94695
94707
94717
94722
94742
94756
94764
94769
94794
94797
94799
94804
94834
94851
94858
94881
94888
94905
94908
94913
94928
94960
94968
94971
94994
95008
95043
95044
95058
95061
95106
95107
95119
95124
95144
95149
95158
95178
95184
95192
95220
95231
95303
95315
95318
95362
95365
95378
95404
95464
95468
95475
95476
95505
95557
95582
95606
95662
95663
95676
95752
95785
95804
95819
95820
95826
95827
95856
95866
95881
95884
95890
95892
95904
95916
95974
96019
96022
96025
96037
96078
96098
96107
96133
96176
96176
96182
96186
96195
96200
96203
96257
96329
96384
96438
96441
96451
96487
96521
96558
96601
96610
96631
96633
96652
96699
96708
96769
96788
96789
96791
96825
96826
96831
96849
96854
96872
96881
96893
96894
96895
96898
96903
96906
96909
96949
96953
96972
96990
96994
97020
97044
97055
97064
97082
97113
97155
97155
97168
97196
97198
97212
97244
97255
97301
97335
97354
97371
97376
97381
97389
97405
97436
97442
97460
97506
97532
97533
97554
97581
97606
97680
97721
97728
97739
97784
97823
97886
97889
97903
97928
97929
97936
97949
97985
98011
98030
98058
98081
98086
98110
98114
98140
98167
98175
98177
98198
98204
98210
98210
98228
98233
98242
98245
98267
98268
98273
98274
98279
98297
98325
98389
98391
98413
98457
98461
98474
98502
98505
98528
98557
98594
98617
98657
98666
98690
98706
98754
98759
98799
98813
98813
98816
98834
98872
98878
98909
98970
98996
99008
99035
99075
99100
99104
99111
99142
99241
99248
99272
99319
99334
99346
99354
99368
99374
99376
99377
99388
99432
99441
99483
99495
99527
99562
99575
99591
99637
99637
99663
99704
99741
99755
99781
99819
99821
99839
99892
99911
